userId,PC1,PC2,target_item
54,0.024540136578995998,0.013434856168340734,100157
91,0.9528165770350664,0.8014691068922052,100157
156,-0.041514297208457576,-0.022727608305275183,100157
247,-0.041514297208457576,-0.022727608305275183,100157
271,0.39376022057708343,-0.029961174345133644,100157
306,-0.041514297208457576,-0.022727608305275183,100157
359,-0.041514297208457576,-0.022727608305275183,100157
367,-0.001542261192680195,-0.0054540184579412645,100157
388,-0.008952599667820608,-0.12572683393184983,100157
430,2.8795564191736758,-0.2191051492836663,100157
492,-0.04437745787106315,-0.6232197890102974,100157
572,-1.097717498580872,0.08352521061798596,100157
587,0.057039114375972574,0.06678235963295757,100157
614,0.026472258535421928,0.37176612114659774,100157
664,-1.097717498580872,0.08352521061798596,100157
672,-0.008952599667820608,-0.12572683393184983,100157
737,-0.6005582588615536,0.04569641563027942,100157
741,-0.10756873099591115,-0.0588900727788911,100157
768,-0.012844295576527267,-0.02483664581856662,100157
775,0.3052556823041896,-1.1608626273370592,100157
777,-0.10339901914223507,0.00786762064257289,100157
802,-0.041514297208457576,-0.022727608305275183,100157
835,0.07895289323415947,0.09243938247833704,100157
847,-0.07454151410218436,-0.04080884054208314,100157
856,-0.008487080314730788,-0.004646376068467225,100157
888,-0.10339901914223507,0.00786762064257289,100157
903,0.121862111520903,1.3801868874718337,100157
907,0.12362178726017635,0.0676785528787646,100157
916,0.39376022057708343,-0.029961174345133644,100157
982,-0.0004863793435153924,0.34885420785498533,100157
1001,0.057039114375972574,0.06678235963295757,100157
1093,-0.041514297208457576,-0.022727608305275183,100157
1113,0.09059457036644956,0.04959732064195665,100157
1154,-0.041514297208457576,-0.022727608305275183,100157
1185,-0.6005582588615536,0.04569641563027942,100157
1200,-0.006741885563198093,-0.023841855372830408,100157
1272,-0.10339901914223507,0.00786762064257289,100157
1284,-0.041514297208457576,-0.022727608305275183,100157
1370,0.8909194602964019,-0.06778996933284018,100157
1518,-0.07444355877314882,-0.08715977743931916,100157
1560,1.8852379397350387,-0.14344755930825326,100157
1568,-0.008487080314730788,-0.004646376068467225,100157
1674,0.024540136578995998,0.013434856168340734,100157
1741,0.07895289323415947,0.09243938247833704,100157
1748,0.39376022057708343,-0.029961174345133644,100157
1763,0.097321974941907,1.3667520313034929,100157
1813,-0.07444355877314882,-0.08715977743931916,100157
2001,-0.006741885563198093,-0.023841855372830408,100157
2015,-0.6005582588615536,0.04569641563027942,100157
2143,0.09059457036644956,0.04959732064195665,100157
2193,0.0010575509925787538,0.0037398999995033057,100157
2234,0.01798517822069114,0.36711974507813055,100157
2243,-1.097717498580872,0.08352521061798596,100157
2248,-0.004142073377939144,-0.014647936915385835,100157
2302,-0.10339901914223507,0.00786762064257289,100157
2311,-0.041514297208457576,-0.022727608305275183,100157
2344,-0.041514297208457576,-0.022727608305275183,100157
2362,0.18967622104762993,0.10384101735238052,100157
2420,-0.041514297208457576,-0.022727608305275183,100157
2433,0.024540136578995998,0.013434856168340734,100157
2444,-0.04437745787106315,-0.6232197890102974,100157
2465,-0.05252977991496192,-0.061502754593939696,100157
2507,-0.041514297208457576,-0.022727608305275183,100157
2590,0.061897116738664465,0.8692590762250454,100157
2591,-0.07980231607430568,-1.120712744088745,100157
2595,0.013211556659598774,0.015468313942198669,100157
2661,-0.030616001056775023,-0.03584573174856024,100157
2669,-0.008487080314730788,-0.004646376068467225,100157
2718,-0.041514297208457576,-0.022727608305275183,100157
2732,0.024540136578995998,0.013434856168340734,100157
2756,-0.10339901914223507,0.00786762064257289,100157
2759,-0.6005582588615536,0.04569641563027942,100157
2772,-0.008702222198588124,-0.010188708903180787,100157
2806,-0.10756873099591115,-0.0588900727788911,100157
2988,-0.10339901914223507,0.00786762064257289,100157
3020,-0.6005582588615536,0.04569641563027942,100157
3097,-0.10756873099591115,-0.0588900727788911,100157
3127,1.8852379397350387,-0.14344755930825326,100157
3132,-0.008702222198588124,-0.010188708903180787,100157
3163,0.026472258535421928,0.37176612114659774,100157
3269,-0.6005582588615536,0.04569641563027942,100157
3277,3.3767156588929943,-0.25693394427137284,100157
3318,0.4334440357721041,0.3572732607436628,100157
3424,0.006257175363096651,0.022127736914392446,100157
3450,0.04861475380490217,-0.09421074552670115,100157
3469,-0.10339901914223507,0.00786762064257289,100157
3497,-0.00934169774845704,-0.03303577383027498,100157
3515,-0.041514297208457576,-0.022727608305275183,100157
3556,-0.6005582588615536,0.04569641563027942,100157
3589,0.10086667209234637,0.11809640532371649,100157
3650,0.39376022057708343,-0.029961174345133644,100157
3663,-0.004142073377939144,-0.014647936915385835,100157
3664,-0.6005582588615536,0.04569641563027942,100157
3699,0.024540136578995998,0.013434856168340734,100157
3739,0.013211556659598774,0.015468313942198669,100157
3746,0.024540136578995998,0.013434856168340734,100157
3762,-0.04437745787106315,-0.6232197890102974,100157
3797,0.39376022057708343,-0.029961174345133644,100157
3971,-0.10339901914223507,0.00786762064257289,100157
4005,-1.097717498580872,0.08352521061798596,100157
4066,-0.008487080314730788,-0.004646376068467225,100157
4129,-0.008487080314730788,-0.004646376068467225,100157
4132,0.13274683314514954,1.8642449863819406,100157
4184,-0.6005582588615536,0.04569641563027942,100157
4204,0.09059457036644956,0.04959732064195665,100157
4215,-1.097717498580872,0.08352521061798596,100157
4326,-0.041514297208457576,-0.022727608305275183,100157
4347,0.8909194602964019,-0.06778996933284018,100157
4358,-1.073177362001876,0.0969600667863267,100157
4366,0.09059457036644956,0.04959732064195665,100157
4410,0.01145679973361455,0.04051557382928159,100157
4438,-0.041514297208457576,-0.022727608305275183,100157
4450,-0.5760181222825576,0.059131271798620155,100157
4459,-0.10339901914223507,0.00786762064257289,100157
4507,0.024540136578995998,0.013434856168340734,100157
4529,-0.04437745787106315,-0.6232197890102974,100157
4557,2.3823971794543572,-0.18127635429595979,100157
4558,0.8909194602964019,-0.06778996933284018,100157
4586,0.026472258535421928,0.37176612114659774,100157
4639,0.024540136578995998,0.013434856168340734,100157
4666,0.026472258535421928,0.37176612114659774,100157
4670,-0.041514297208457576,-0.022727608305275183,100157
4831,0.39376022057708343,-0.029961174345133644,100157
4884,0.026472258535421928,0.37176612114659774,100157
4937,-0.6005582588615536,0.04569641563027942,100157
4967,-0.030616001056775023,-0.03584573174856024,100157
5007,0.024540136578995998,0.013434856168340734,100157
5036,0.035125335517785676,0.041125336787578126,100157
5176,-0.6005582588615536,0.04569641563027942,100157
5216,-0.04437745787106315,-0.6232197890102974,100157
5303,-0.001542261192680195,-0.0054540184579412645,100157
5309,-1.097717498580872,0.08352521061798596,100157
5324,-0.04437745787106315,-0.6232197890102974,100157
5348,0.026472258535421928,0.37176612114659774,100157
5393,-0.10339901914223507,0.00786762064257289,100157
5406,0.026472258535421928,0.37176612114659774,100157
5483,0.024540136578995998,0.013434856168340734,100157
5548,-0.004142073377939144,-0.014647936915385835,100157
5574,-0.008952599667820608,-0.12572683393184983,100157
5576,0.05101239511441793,0.38520097731493846,100157
5613,-0.006741885563198093,-0.023841855372830408,100157
5643,0.05756735347272278,0.03151608840514869,100157
5644,-0.04437745787106315,-0.6232197890102974,100157
5706,-0.6005582588615536,0.04569641563027942,100157
5725,-0.001542261192680195,-0.0054540184579412645,100157
5803,-0.10756873099591115,-0.0588900727788911,100157
5825,-0.05818805990157565,-1.5514233395342352,100157
5843,-0.10339901914223507,0.00786762064257289,100157
5922,-0.008952599667820608,-0.12572683393184983,100157
6000,0.0010575509925787538,0.0037398999995033057,100157
6034,-0.04437745787106315,-0.6232197890102974,100157
6049,0.024540136578995998,0.013434856168340734,100157
6078,-1.097717498580872,0.08352521061798596,100157
6275,0.39376022057708343,-0.029961174345133644,100157
6314,-0.07692676060681314,0.37963374178917064,100157
6369,1.8852379397350387,-0.14344755930825326,100157
6379,-0.6005582588615536,0.04569641563027942,100157
6424,-0.05252977991496192,-0.061502754593939696,100157
6449,-1.097717498580872,0.08352521061798596,100157
6571,-0.6005582588615536,0.04569641563027942,100157
6597,-0.10339901914223507,0.00786762064257289,100157
6623,-1.097717498580872,0.08352521061798596,100157
6624,0.07510867339826324,0.8847273901672441,100157
6636,0.017770036336833803,0.36157741224341694,100157
6650,-0.041514297208457576,-0.022727608305275183,100157
6719,0.05756735347272278,0.03151608840514869,100157
6722,-0.041801425089027455,0.42075907857674877,100157
6795,-0.00934169774845704,-0.03303577383027498,100157
6873,0.026472258535421928,0.37176612114659774,100157
6881,0.006257175363096651,0.022127736914392446,100157
6921,0.024540136578995998,0.013434856168340734,100157
6957,0.13274683314514954,1.8642449863819406,100157
6976,1.8546219386782639,-0.1792932910568135,100157
7010,-0.041514297208457576,-0.022727608305275183,100157
7037,0.39376022057708343,-0.029961174345133644,100157
7051,-0.041514297208457576,-0.022727608305275183,100157
7120,-1.097717498580872,0.08352521061798596,100157
7188,-0.004143742521353095,0.3359203893980375,100157
7201,-0.033647923322579654,-1.5379884833658943,100157
7235,0.006257175363096651,0.022127736914392446,100157
7321,0.05756735347272278,0.03151608840514869,100157
7326,-1.097717498580872,0.08352521061798596,100157
7339,-0.030616001056775023,-0.03584573174856024,100157
7370,2.3390772725758726,-0.8007562433067539,100157
7440,-0.030616001056775023,-0.03584573174856024,100157
7496,0.024540136578995998,0.013434856168340734,100157
7534,0.024540136578995998,0.013434856168340734,100157
7554,0.39376022057708343,-0.029961174345133644,100157
7565,0.024540136578995998,0.013434856168340734,100157
7572,0.8909194602964019,-0.06778996933284018,100157
7577,-0.04437745787106315,-0.6232197890102974,100157
7660,0.024540136578995998,0.013434856168340734,100157
7714,0.0036573631778377027,0.012933818456947877,100157
7753,3.3767156588929943,-0.25693394427137284,100157
7780,0.8909194602964019,-0.06778996933284018,100157
7784,0.0036573631778377027,0.012933818456947877,100157
7828,0.42888555609486906,0.011164162442444482,100157
7833,-0.05252977991496192,-0.061502754593939696,100157
7834,0.024540136578995998,0.013434856168340734,100157
7899,-0.041514297208457576,-0.022727608305275183,100157
7929,-0.07454151410218436,-0.04080884054208314,100157
7997,0.39376022057708343,-0.029961174345133644,100157
8053,0.15664900415390315,0.08575978511557257,100157
8258,-0.008487080314730788,-0.004646376068467225,100157
8319,-0.030616001056775023,-0.03584573174856024,100157
8333,0.097321974941907,1.3667520313034929,100157
8341,-0.10339901914223507,0.00786762064257289,100157
8405,0.02416862789682659,0.0060962575942087715,100157
8449,2.3823971794543572,-0.18127635429595979,100157
8459,0.057039114375972574,0.06678235963295757,100157
8475,-0.041514297208457576,-0.022727608305275183,100157
8655,0.12278045095053326,0.14375342816909595,100157
8739,0.024540136578995998,0.013434856168340734,100157
8797,0.097321974941907,1.3667520313034929,100157
8805,0.013211556659598774,0.015468313942198669,100157
8852,-0.008702222198588124,-0.010188708903180787,100157
8918,2.8795564191736758,-0.2191051492836663,100157
8963,0.024540136578995998,0.013434856168340734,100157
8966,-0.041514297208457576,-0.022727608305275183,100157
9005,-0.10756873099591115,-0.0588900727788911,100157
9013,0.035125335517785676,0.041125336787578126,100157
9032,0.026472258535421928,0.37176612114659774,100157
9034,0.1596846110336613,2.357091565391921,100157
9042,-0.008952599667820608,-0.12572683393184983,100157
9087,-0.10339901914223507,0.00786762064257289,100157
9140,0.024540136578995998,0.013434856168340734,100157
9145,0.39376022057708343,-0.029961174345133644,100157
9158,-0.008487080314730788,-0.004646376068467225,100157
9166,0.024540136578995998,0.013434856168340734,100157
9193,0.024540136578995998,0.013434856168340734,100157
9197,-0.10339901914223507,0.00786762064257289,100157
9207,-0.001542261192680195,-0.0054540184579412645,100157
9278,0.006257175363096651,0.022127736914392446,100157
9291,-0.04437745787106315,-0.6232197890102974,100157
9305,-0.041514297208457576,-0.022727608305275183,100157
9312,-0.004142073377939144,-0.014647936915385835,100157
9322,0.006257175363096651,0.022127736914392446,100157
9386,-0.10339901914223507,0.00786762064257289,100157
9410,-0.10339901914223507,0.00786762064257289,100157
9429,-0.10339901914223507,0.00786762064257289,100157
9446,-0.041514297208457576,-0.022727608305275183,100157
9473,-0.030616001056775023,-0.03584573174856024,100157
9497,-0.6005582588615536,0.04569641563027942,100157
9500,-0.10339901914223507,0.00786762064257289,100157
9528,-0.6005582588615536,0.04569641563027942,100157
9544,0.4183003571560794,-0.016526318176792912,100157
9545,0.024540136578995998,0.013434856168340734,100157
9562,-1.1698477968461045,0.024951870564150533,100157
9681,0.024540136578995998,0.013434856168340734,100157
9690,-0.10339901914223507,0.00786762064257289,100157
9698,-0.041514297208457576,-0.022727608305275183,100157
9795,-0.10339901914223507,0.00786762064257289,100157
9798,-0.041514297208457576,-0.022727608305275183,100157
9815,-0.030616001056775023,-0.03584573174856024,100157
9838,-0.008952599667820608,-0.12572683393184983,100157
9930,0.39376022057708343,-0.029961174345133644,100157
9982,-0.10756873099591115,-0.0588900727788911,100157
10039,0.024540136578995998,0.013434856168340734,100157
10079,0.39376022057708343,-0.029961174345133644,100157
10127,0.024540136578995998,0.013434856168340734,100157
10162,0.024540136578995998,0.013434856168340734,100157
10164,0.05756735347272278,0.03151608840514869,100157
10169,0.16817169134839208,2.361737941460388,100157
10179,0.024540136578995998,0.013434856168340734,100157
10193,-0.10339901914223507,0.00786762064257289,100157
10224,-0.04437745787106315,-0.6232197890102974,100157
10271,-1.097717498580872,0.08352521061798596,100157
10285,-0.030616001056775023,-0.03584573174856024,100157
10292,-0.07444355877314882,-0.08715977743931916,100157
10303,0.024540136578995998,0.013434856168340734,100157
10412,0.013211556659598774,0.015468313942198669,100157
10514,0.013211556659598774,0.015468313942198669,100157
10534,3.3767156588929943,-0.25693394427137284,100157
10535,-0.041514297208457576,-0.022727608305275183,100157
10649,0.024540136578995998,0.013434856168340734,100157
10678,-1.097717498580872,0.08352521061798596,100157
10685,-0.008702222198588124,-0.010188708903180787,100157
10761,0.024540136578995998,0.013434856168340734,100157
10802,-0.00934169774845704,-0.03303577383027498,100157
10803,0.024540136578995998,0.013434856168340734,100157
10809,0.013211556659598774,0.015468313942198669,100157
10898,0.026472258535421928,0.37176612114659774,100157
10989,0.024540136578995998,0.013434856168340734,100157
11005,-0.10339901914223507,0.00786762064257289,100157
11117,0.10086667209234637,0.11809640532371649,100157
11152,0.035125335517785676,0.041125336787578126,100157
11166,-0.041514297208457576,-0.022727608305275183,100157
11187,0.05756735347272278,0.03151608840514869,100157
11237,0.39376022057708343,-0.029961174345133644,100157
11261,-0.001542261192680195,-0.0054540184579412645,100157
11263,-0.008952599667820608,-0.12572683393184983,100157
11333,0.39376022057708343,-0.029961174345133644,100157
11345,-0.10339901914223507,0.00786762064257289,100157
11424,-0.10339901914223507,0.00786762064257289,100157
11434,0.026472258535421928,0.37176612114659774,100157
11450,0.024540136578995998,0.013434856168340734,100157
11538,-0.04437745787106315,-0.6232197890102974,100157
11560,-0.008487080314730788,-0.004646376068467225,100157
11570,-0.04437745787106315,-0.6232197890102974,100157
11574,0.024540136578995998,0.013434856168340734,100157
11623,-0.04437745787106315,-0.6232197890102974,100157
11748,0.05515523117546637,0.8454172208522149,100157
11751,-0.041514297208457576,-0.022727608305275183,100157
11800,-0.041514297208457576,-0.022727608305275183,100157
11826,-0.07454151410218436,-0.04080884054208314,100157
11831,-0.11522717427754822,-1.6182056991671927,100157
11843,0.9154595968753979,-0.054355113164499445,100157
11865,-0.006741885563198093,-0.023841855372830408,100157
11871,-0.041514297208457576,-0.022727608305275183,100157
11900,2.557267258310443,1.6804541562151185,100157
12004,0.024540136578995998,0.013434856168340734,100157
12026,-0.06827368362444938,0.048992957430151016,100157
12066,-0.07980231607430568,-1.120712744088745,100157
12092,-0.04437745787106315,-0.6232197890102974,100157
12128,0.0010575509925787538,0.0037398999995033057,100157
12131,0.9041310169560006,-0.05232165539064151,100157
12140,-0.07980231607430568,-1.120712744088745,100157
12152,-0.10756873099591115,-0.0588900727788911,100157
12158,-0.05252977991496192,-0.061502754593939696,100157
12161,-0.11522717427754822,-1.6182056991671927,100157
12218,-0.10339901914223507,0.00786762064257289,100157
12227,3.3767156588929943,-0.25693394427137284,100157
12285,-0.041514297208457576,-0.022727608305275183,100157
12288,-0.001542261192680195,-0.0054540184579412645,100157
12314,-0.008702222198588124,-0.010188708903180787,100157
12437,-0.6005582588615536,0.04569641563027942,100157
12537,0.09059457036644956,0.04959732064195665,100157
12547,-1.097717498580872,0.08352521061798596,100157
12597,0.39376022057708343,-0.029961174345133644,100157
12598,-1.097717498580872,0.08352521061798596,100157
12618,0.097321974941907,1.3667520313034929,100157
12644,-0.10339901914223507,0.00786762064257289,100157
12653,-0.008487080314730788,-0.004646376068467225,100157
12668,-0.041514297208457576,-0.022727608305275183,100157
12670,3.3767156588929943,-0.25693394427137284,100157
12692,0.024540136578995998,0.013434856168340734,100157
12767,-0.006077044200328057,1.3746196519460658,100157
12789,-0.041514297208457576,-0.022727608305275183,100157
12793,-0.015694485231018702,-0.14956868930468023,100157
12887,-0.008702222198588124,-0.010188708903180787,100157
12892,-0.8941209490292373,2.942756107156822,100157
12954,-0.008702222198588124,-0.010188708903180787,100157
12973,0.024540136578995998,0.013434856168340734,100157
13049,0.39376022057708343,-0.029961174345133644,100157
13069,-0.008702222198588124,-0.010188708903180787,100157
13099,-0.05252977991496192,-0.061502754593939696,100157
13128,-0.001542261192680195,-0.0054540184579412645,100157
13161,-0.030616001056775023,-0.03584573174856024,100157
13196,-0.04437745787106315,-0.6232197890102974,100157
13215,-0.001542261192680195,-0.0054540184579412645,100157
13397,-0.030616001056775023,-0.03584573174856024,100157
13499,-1.097717498580872,0.08352521061798596,100157
13709,1.8852379397350387,-0.14344755930825326,100157
13710,-0.07980231607430568,-1.120712744088745,100157
13753,-0.10339901914223507,0.00786762064257289,100157
13767,3.3767156588929943,-0.25693394427137284,100157
13803,0.097321974941907,1.3667520313034929,100157
13846,-0.008952599667820608,-0.12572683393184983,100157
13849,0.0010575509925787538,0.0037398999995033057,100157
13889,0.097321974941907,1.3667520313034929,100157
13892,-0.10339901914223507,0.00786762064257289,100157
13922,-0.008952599667820608,-0.12572683393184983,100157
13955,-0.008702222198588124,-0.010188708903180787,100157
13958,-0.041514297208457576,-0.022727608305275183,100157
13964,-1.097717498580872,0.08352521061798596,100157
13983,-0.6005582588615536,0.04569641563027942,100157
14071,-0.04437745787106315,-0.6232197890102974,100157
14159,-0.04437745787106315,-0.6232197890102974,100157
14231,0.0010575509925787538,0.0037398999995033057,100157
14280,0.11990253756862226,1.839408340563374,100157
14295,-0.10756873099591115,-0.0588900727788911,100157
14330,-1.097717498580872,0.08352521061798596,100157
14369,-0.6005582588615536,0.04569641563027942,100157
14421,0.024540136578995998,0.013434856168340734,100157
14451,-0.10756873099591115,-0.0588900727788911,100157
14457,0.16817169134839208,2.361737941460388,100157
14519,-0.10339901914223507,0.00786762064257289,100157
14528,-0.10339901914223507,0.00786762064257289,100157
14623,-0.10339901914223507,0.00786762064257289,100157
14665,-0.004142073377939144,-0.014647936915385835,100157
14677,1.3880787000157204,-0.10561876432054672,100157
14705,0.07895289323415947,0.09243938247833704,100157
14745,0.061897116738664465,0.8692590762250454,100157
14766,-0.001542261192680195,-0.0054540184579412645,100157
14768,-0.00934169774845704,-0.03303577383027498,100157
14784,0.024540136578995998,0.013434856168340734,100157
14797,0.024540136578995998,0.013434856168340734,100157
14908,-0.10339901914223507,0.00786762064257289,100157
14918,-1.097717498580872,0.08352521061798596,100157
14920,-0.6005582588615536,0.04569641563027942,100157
14944,-0.04437745787106315,-0.6232197890102974,100157
14965,3.3767156588929943,-0.25693394427137284,100157
14977,0.05756735347272278,0.03151608840514869,100157
15093,0.09059457036644956,0.04959732064195665,100157
15094,-0.008702222198588124,-0.010188708903180787,100157
15196,0.097321974941907,1.3667520313034929,100157
15242,0.0088569875483556,0.031321655371837016,100157
15344,0.024540136578995998,0.013434856168340734,100157
15447,-0.11522717427754822,-1.6182056991671927,100157
15457,-0.04437745787106315,-0.6232197890102974,100157
15469,-0.004142073377939144,-0.014647936915385835,100157
15478,0.2422449211619205,1.04452859279929,100157
15486,0.035125335517785676,0.041125336787578126,100157
15497,0.01145679973361455,0.04051557382928159,100157
15529,0.024540136578995998,0.013434856168340734,100157
15601,-0.10339901914223507,0.00786762064257289,100157
15616,-0.031165901211464373,-0.6077514750680987,100157
15648,-0.07980231607430568,-1.120712744088745,100157
15701,-0.08394438945224483,-1.1353606810041308,100157
15709,0.097321974941907,1.3667520313034929,100157
15718,0.024540136578995998,0.013434856168340734,100157
15768,-0.11522717427754822,-1.6182056991671927,100157
15927,0.8909194602964019,-0.06778996933284018,100157
15933,0.006257175363096651,0.022127736914392446,100157
16015,-0.10339901914223507,0.00786762064257289,100157
16040,-0.04437745787106315,-0.6232197890102974,100157
16042,-1.097717498580872,0.08352521061798596,100157
16048,-0.030616001056775023,-0.03584573174856024,100157
16162,-0.030616001056775023,-0.03584573174856024,100157
16174,-0.6005582588615536,0.04569641563027942,100157
16238,-0.041514297208457576,-0.022727608305275183,100157
16390,-0.041514297208457576,-0.022727608305275183,100157
16398,-0.6005582588615536,0.04569641563027942,100157
16422,-0.041514297208457576,-0.022727608305275183,100157
16423,-0.04437745787106315,-0.6232197890102974,100157
16425,-0.10339901914223507,0.00786762064257289,100157
16448,-0.11522717427754822,-1.6182056991671927,100157
16453,0.026472258535421928,0.37176612114659774,100157
16454,-0.04437745787106315,-0.6232197890102974,100157
16532,-0.001542261192680195,-0.0054540184579412645,100157
16591,0.12362178726017635,0.0676785528787646,100157
16606,0.024540136578995998,0.013434856168340734,100157
16612,-0.05307968006965127,-0.6334084979134782,100157
16624,0.0010575509925787538,0.0037398999995033057,100157
16670,-0.004142073377939144,-0.014647936915385835,100157
16732,-0.6005582588615536,0.04569641563027942,100157
16753,0.09059457036644956,0.04959732064195665,100157
16785,-0.008952599667820608,-0.12572683393184983,100157
16861,-0.004142073377939144,-0.014647936915385835,100157
16865,0.0010575509925787538,0.0037398999995033057,100157
16885,0.39376022057708343,-0.029961174345133644,100157
16938,1.8810958663570996,-0.15809549622363908,100157
16978,-0.008952599667820608,-0.12572683393184983,100157
17022,-0.10339901914223507,0.00786762064257289,100157
17040,0.097321974941907,1.3667520313034929,100157
17061,0.024540136578995998,0.013434856168340734,100157
17127,-1.1721610573540209,-0.0036345668213332016,100157
17131,-0.11522717427754822,-1.6182056991671927,100157
17133,-1.097717498580872,0.08352521061798596,100157
17163,0.022330185157482783,0.3571181842312119,100157
17173,-0.10339901914223507,0.00786762064257289,100157
17250,0.026472258535421928,0.37176612114659774,100157
17298,0.8909194602964019,-0.06778996933284018,100157
17311,0.097321974941907,1.3667520313034929,100157
17375,-0.05252977991496192,-0.061502754593939696,100157
17503,-0.041514297208457576,-0.022727608305275183,100157
17536,-0.07980231607430568,-1.120712744088745,100157
17571,0.8909194602964019,-0.06778996933284018,100157
17579,-1.097717498580872,0.08352521061798596,100157
17604,0.39376022057708343,-0.029961174345133644,100157
17630,-0.10339901914223507,0.00786762064257289,100157
17640,-0.004142073377939144,-0.014647936915385835,100157
17781,-0.04437745787106315,-0.6232197890102974,100157
17795,-0.041514297208457576,-0.022727608305275183,100157
17818,-1.097717498580872,0.08352521061798596,100157
17835,-0.006741885563198093,-0.023841855372830408,100157
17871,-1.097717498580872,0.08352521061798596,100157
17940,-0.04437745787106315,-0.6232197890102974,100157
18054,-0.030616001056775023,-0.03584573174856024,100157
18133,-0.6092604810601416,0.03550770672709864,100157
18138,0.1629925052423042,0.4957215920300835,100157
18191,0.013211556659598774,0.015468313942198669,100157
18196,-0.030616001056775023,-0.03584573174856024,100157
18311,0.01145679973361455,0.04051557382928159,100157
18336,-0.6005582588615536,0.04569641563027942,100157
18338,-0.008702222198588124,-0.010188708903180787,100157
18415,-0.10756873099591115,-0.0588900727788911,100157
18543,-0.15592879905719698,-0.053635133951366806,100157
18548,-0.07980231607430568,-1.120712744088745,100157
18575,-1.097717498580872,0.08352521061798596,100157
18592,-0.6005582588615536,0.04569641563027942,100157
18604,0.004258956991778166,-0.11025851998965117,100157
18605,-0.10756873099591115,-0.0588900727788911,100157
18611,0.16817169134839208,2.361737941460388,100157
18645,-0.10339901914223507,0.00786762064257289,100157
18670,0.0036573631778377027,0.012933818456947877,100157
18679,-0.07444355877314882,-0.08715977743931916,100157
18765,-0.6005582588615536,0.04569641563027942,100157
18815,0.8909194602964019,-0.06778996933284018,100157
18833,-0.004142073377939144,-0.014647936915385835,100157
18856,0.8909194602964019,-0.06778996933284018,100157
18951,-1.097717498580872,0.08352521061798596,100157
18968,-0.6005582588615536,0.04569641563027942,100157
18977,0.0036573631778377027,0.012933818456947877,100157
19018,-0.6005582588615536,0.04569641563027942,100157
19070,-0.04437745787106315,-0.6232197890102974,100157
19231,-0.041514297208457576,-0.022727608305275183,100157
19238,-1.097717498580872,0.08352521061798596,100157
19242,0.024540136578995998,0.013434856168340734,100157
19245,0.8909194602964019,-0.06778996933284018,100157
19249,-0.030616001056775023,-0.03584573174856024,100157
19293,-0.004142073377939144,-0.014647936915385835,100157
19305,-0.008952599667820608,-0.12572683393184983,100157
19310,-0.6005582588615536,0.04569641563027942,100157
19318,0.013211556659598774,0.015468313942198669,100157
19388,-0.04437745787106315,-0.6232197890102974,100157
19401,0.035125335517785676,0.041125336787578126,100157
19421,-0.041514297208457576,-0.022727608305275183,100157
19555,-0.10339901914223507,0.00786762064257289,100157
19590,-0.5435191444855809,0.11247877526323699,100157
19621,0.024540136578995998,0.013434856168340734,100157
19650,0.8909194602964019,-0.06778996933284018,100157
19706,-0.04437745787106315,-0.6232197890102974,100157
19852,0.026472258535421928,0.37176612114659774,100157
19903,0.39376022057708343,-0.029961174345133644,100157
19995,-0.004142073377939144,-0.014647936915385835,100157
20043,-0.030616001056775023,-0.03584573174856024,100157
20053,-1.097717498580872,0.08352521061798596,100157
20125,-0.10339901914223507,0.00786762064257289,100157
20132,-0.6420725560700111,0.02296880732500424,100157
20204,0.12278045095053326,0.14375342816909595,100157
20246,-0.10339901914223507,0.00786762064257289,100157
20273,0.024540136578995998,0.013434856168340734,100157
20294,0.026472258535421928,0.37176612114659774,100157
20403,-0.00934169774845704,-0.03303577383027498,100157
20435,0.097321974941907,1.3667520313034929,100157
20470,-0.07454151410218436,-0.04080884054208314,100157
20588,-0.6005582588615536,0.04569641563027942,100157
20596,-0.00934169774845704,-0.03303577383027498,100157
20646,0.013211556659598774,0.015468313942198669,100157
20661,-0.030616001056775023,-0.03584573174856024,100157
20750,-0.6005582588615536,0.04569641563027942,100157
20836,0.006257175363096651,0.022127736914392446,100157
20845,-0.07692676060681314,0.37963374178917064,100157
20999,-0.006741885563198093,-0.023841855372830408,100157
21057,0.39376022057708343,-0.029961174345133644,100157
21163,1.0945160098480364,2.7914409272059957,100157
21165,0.057039114375972574,0.06678235963295757,100157
21186,0.024540136578995998,0.013434856168340734,100157
21263,-0.05252977991496192,-0.061502754593939696,100157
21293,-0.10339901914223507,0.00786762064257289,100157
21313,0.006257175363096651,0.022127736914392446,100157
21363,-0.6005582588615536,0.04569641563027942,100157
21391,-0.008487080314730788,-0.004646376068467225,100157
21398,-0.10339901914223507,0.00786762064257289,100157
21404,0.024540136578995998,0.013434856168340734,100157
21582,1.8852379397350387,-0.14344755930825326,100157
21592,0.013211556659598774,0.015468313942198669,100157
21617,-0.001542261192680195,-0.0054540184579412645,100157
21664,-0.07454151410218436,-0.04080884054208314,100157
21690,-0.04437745787106315,-0.6232197890102974,100157
21746,-1.097717498580872,0.08352521061798596,100157
21850,-0.10756873099591115,-0.0588900727788911,100157
21861,0.1816119644192842,1.8855723658839085,100157
21885,-0.04437745787106315,-0.6232197890102974,100157
21892,0.13274683314514954,1.8642449863819406,100157
21909,-0.008702222198588124,-0.010188708903180787,100157
21967,0.026472258535421928,0.37176612114659774,100157
22025,0.06295466773124322,0.8729989762245487,100157
22029,0.15664900415390315,0.08575978511557257,100157
22041,0.39376022057708343,-0.029961174345133644,100157
22122,-0.001542261192680195,-0.0054540184579412645,100157
22166,0.024540136578995998,0.013434856168340734,100157
22235,-1.097717498580872,0.08352521061798596,100157
22337,0.07895289323415947,0.09243938247833704,100157
22339,-0.6005582588615536,0.04569641563027942,100157
22357,-0.041514297208457576,-0.022727608305275183,100157
22365,0.026472258535421928,0.37176612114659774,100157
22371,-0.041514297208457576,-0.022727608305275183,100157
22379,0.022330185157482783,0.3571181842312119,100157
22422,0.05756735347272278,0.03151608840514869,100157
22493,-1.097717498580872,0.08352521061798596,100157
22501,-0.04437745787106315,-0.6232197890102974,100157
22507,-0.10339901914223507,0.00786762064257289,100157
22595,-0.6005582588615536,0.04569641563027942,100157
22694,-0.04437745787106315,-0.6232197890102974,100157
22704,0.09059457036644956,0.04959732064195665,100157
22821,-0.041514297208457576,-0.022727608305275183,100157
22882,-0.07980231607430568,-1.120712744088745,100157
22901,-0.004143742521353095,0.3359203893980375,100157
22934,0.024540136578995998,0.013434856168340734,100157
22935,-0.041514297208457576,-0.022727608305275183,100157
22958,-0.041514297208457576,-0.022727608305275183,100157
22998,-0.008952599667820608,-0.12572683393184983,100157
23006,-0.004142073377939144,-0.014647936915385835,100157
23009,0.035125335517785676,0.041125336787578126,100157
23013,0.9698723535305613,0.02464941314549686,100157
23039,-0.008702222198588124,-0.010188708903180787,100157
23061,-0.041514297208457576,-0.022727608305275183,100157
23068,-0.10339901914223507,0.00786762064257289,100157
23103,-0.004142073377939144,-0.014647936915385835,100157
23130,-0.005044859020750422,0.00274510955376709,100157
23134,-0.041514297208457576,-0.022727608305275183,100157
23165,0.8909194602964019,-0.06778996933284018,100157
23173,0.2203311423037336,1.0188715699539106,100157
23176,0.026472258535421928,0.37176612114659774,100157
23180,0.08861975274331887,1.3565633224003122,100157
23181,0.0088569875483556,0.031321655371837016,100157
23188,-0.04437745787106315,-0.6232197890102974,100157
23190,0.024540136578995998,0.013434856168340734,100157
23229,-0.07444355877314882,-0.08715977743931916,100157
23235,-0.04437745787106315,-0.6232197890102974,100157
23255,-0.001542261192680195,-0.0054540184579412645,100157
23280,-0.001542261192680195,-0.0054540184579412645,100157
23296,-0.6005582588615536,0.04569641563027942,100157
23317,0.024540136578995998,0.013434856168340734,100157
23360,0.097321974941907,1.3667520313034929,100157
23425,-1.097717498580872,0.08352521061798596,100157
23437,0.09059457036644956,0.04959732064195665,100157
23459,-0.07454151410218436,-0.04080884054208314,100157
23501,0.0010575509925787538,0.0037398999995033057,100157
23512,0.09059457036644956,0.04959732064195665,100157
23523,0.07895289323415947,0.09243938247833704,100157
23596,0.05756735347272278,0.03151608840514869,100157
23638,0.0036573631778377027,0.012933818456947877,100157
23641,-0.10339901914223507,0.00786762064257289,100157
23658,0.39376022057708343,-0.029961174345133644,100157
23705,-0.10339901914223507,0.00786762064257289,100157
23712,3.3767156588929943,-0.25693394427137284,100157
23714,-0.004142073377939144,-0.014647936915385835,100157
23721,-0.07454151410218436,-0.04080884054208314,100157
23725,0.024540136578995998,0.013434856168340734,100157
23743,0.024540136578995998,0.013434856168340734,100157
23753,0.026472258535421928,0.37176612114659774,100157
23790,-0.07454151410218436,-0.04080884054208314,100157
23811,-0.004142073377939144,-0.014647936915385835,100157
24037,-0.041514297208457576,-0.022727608305275183,100157
24137,-0.6005582588615536,0.04569641563027942,100157
24158,-0.6005582588615536,0.04569641563027942,100157
24200,-0.6005582588615536,0.04569641563027942,100157
24475,-0.013094673045759751,-0.14037477084723565,100157
24563,1.3880787000157204,-0.10561876432054672,100157
24643,0.0010575509925787538,0.0037398999995033057,100157
24688,0.39376022057708343,-0.029961174345133644,100157
24767,-0.10339901914223507,0.00786762064257289,100157
24800,0.13274683314514954,1.8642449863819406,100157
24816,-0.6005582588615536,0.04569641563027942,100157
24870,-0.001542261192680195,-0.0054540184579412645,100157
24903,-0.008702222198588124,-0.010188708903180787,100157
24962,-0.10756873099591115,-0.0588900727788911,100157
25012,0.0010575509925787538,0.0037398999995033057,100157
25019,-0.001542261192680195,-0.0054540184579412645,100157
25092,-0.04437745787106315,-0.6232197890102974,100157
25093,-0.008487080314730788,-0.004646376068467225,100157
25098,-0.041514297208457576,-0.022727608305275183,100157
25101,-1.07124524004545,0.4552913317645837,100157
25192,0.05756735347272278,0.03151608840514869,100157
25229,0.12278045095053326,0.14375342816909595,100157
25295,-0.04437745787106315,-0.6232197890102974,100157
25307,0.026472258535421928,0.37176612114659774,100157
25315,0.014056611918873498,0.04970949228672616,100157
25411,0.08456892390397326,0.44228838077905863,100157
25435,-0.10339901914223507,0.00786762064257289,100157
25449,-0.11522717427754822,-1.6182056991671927,100157
25460,-0.041514297208457576,-0.022727608305275183,100157
25464,-0.10339901914223507,0.00786762064257289,100157
25474,-0.10339901914223507,0.00786762064257289,100157
25498,-1.097717498580872,0.08352521061798596,100157
25525,-0.16775695419251013,-1.6797084537611324,100157
25541,-0.004142073377939144,-0.014647936915385835,100157
25560,0.16817169134839208,2.361737941460388,100157
25610,0.024540136578995998,0.013434856168340734,100157
25622,-1.097717498580872,0.08352521061798596,100157
25639,-0.10339901914223507,0.00786762064257289,100157
25669,0.15664900415390315,0.08575978511557257,100157
25693,-0.041514297208457576,-0.022727608305275183,100157
25723,0.013211556659598774,0.015468313942198669,100157
25737,-0.07444355877314882,-0.08715977743931916,100157
25773,0.024540136578995998,0.013434856168340734,100157
25856,-0.001542261192680195,-0.0054540184579412645,100157
25880,-0.04371067410253477,-0.17622050259579589,100157
25978,0.0036573631778377027,0.012933818456947877,100157
25996,-0.6005582588615536,0.04569641563027942,100157
26003,0.8909194602964019,-0.06778996933284018,100157
26012,0.035125335517785676,0.041125336787578126,100157
26046,-0.11522717427754822,-1.6182056991671927,100157
26056,-0.10339901914223507,0.00786762064257289,100157
26087,0.061897116738664465,0.8692590762250454,100157
26171,0.097321974941907,1.3667520313034929,100157
26193,-0.6005582588615536,0.04569641563027942,100157
26222,0.013211556659598774,0.015468313942198669,100157
26227,0.024540136578995998,0.013434856168340734,100157
26229,-0.008952599667820608,-0.12572683393184983,100157
26277,0.097321974941907,1.3667520313034929,100157
26311,-0.10339901914223507,0.00786762064257289,100157
26337,0.026472258535421928,0.37176612114659774,100157
26471,-0.07980231607430568,-1.120712744088745,100157
26554,-0.041514297208457576,-0.022727608305275183,100157
26572,0.09059457036644956,0.04959732064195665,100157
26651,1.3880787000157204,-0.10561876432054672,100157
26672,-0.14584317533432326,-1.654051430915753,100157
26695,0.15664900415390315,0.08575978511557257,100157
26696,3.3767156588929943,-0.25693394427137284,100157
26804,-0.10339901914223507,0.00786762064257289,100157
26820,0.024540136578995998,0.013434856168340734,100157
26863,-0.10756873099591115,-0.0588900727788911,100157
26876,-0.6005582588615536,0.04569641563027942,100157
26881,-0.006741885563198093,-0.023841855372830408,100157
26885,-0.041514297208457576,-0.022727608305275183,100157
26903,0.024540136578995998,0.013434856168340734,100157
26926,-0.041514297208457576,-0.022727608305275183,100157
26944,0.0010575509925787538,0.0037398999995033057,100157
26957,0.8909194602964019,-0.06778996933284018,100157
26987,0.05756735347272278,0.03151608840514869,100157
27023,0.0036573631778377027,0.012933818456947877,100157
27053,0.8909194602964019,-0.06778996933284018,100157
27073,0.024540136578995998,0.013434856168340734,100157
27074,-1.097717498580872,0.08352521061798596,100157
27083,-0.10339901914223507,0.00786762064257289,100157
27149,-0.004142073377939144,-0.014647936915385835,100157
27164,-1.097717498580872,0.08352521061798596,100157
27184,-0.10339901914223507,0.00786762064257289,100157
27188,-0.04437745787106315,-0.6232197890102974,100157
27244,-0.10339901914223507,0.00786762064257289,100157
27248,0.024540136578995998,0.013434856168340734,100157
27355,0.12362178726017635,0.0676785528787646,100157
27395,-0.00934169774845704,-0.03303577383027498,100157
27441,0.097321974941907,1.3667520313034929,100157
27469,0.5265070537222329,1.834283812036807,100157
27663,-0.6005582588615536,0.04569641563027942,100157
27695,-0.10339901914223507,0.00786762064257289,100157
27741,-0.10756873099591115,-0.0588900727788911,100157
27764,0.0010575509925787538,0.0037398999995033057,100157
27806,-0.004142073377939144,-0.014647936915385835,100157
27827,-0.10339901914223507,0.00786762064257289,100157
27838,-0.030616001056775023,-0.03584573174856024,100157
27898,0.0010575509925787538,0.0037398999995033057,100157
27946,-0.04437745787106315,-0.6232197890102974,100157
28023,0.097321974941907,1.3667520313034929,100157
28032,0.8909194602964019,-0.06778996933284018,100157
28142,0.0036573631778377027,0.012933818456947877,100157
28195,-0.01765482186640873,-0.13591554283503063,100157
28202,-1.097717498580872,0.08352521061798596,100157
28216,-0.041514297208457576,-0.022727608305275183,100157
28242,-0.10339901914223507,0.00786762064257289,100157
28253,-0.10756873099591115,-0.0588900727788911,100157
28297,-1.097717498580872,0.08352521061798596,100157
28305,-0.10756873099591115,-0.0588900727788911,100157
28378,-0.041514297208457576,-0.022727608305275183,100157
28398,-0.07653572012051836,-0.6645195392167988,100157
28426,-0.07980231607430568,-1.120712744088745,100157
28456,3.0692326402213057,-0.11526413193128579,100157
28467,-0.008487080314730788,-0.004646376068467225,100157
28468,0.39376022057708343,-0.029961174345133644,100157
28487,0.026472258535421928,0.37176612114659774,100157
28509,-0.10339901914223507,0.00786762064257289,100157
28529,0.01145679973361455,0.04051557382928159,100157
28546,0.8909194602964019,-0.06778996933284018,100157
28625,-0.07980231607430568,-1.120712744088745,100157
28629,0.39376022057708343,-0.029961174345133644,100157
28688,-0.030616001056775023,-0.03584573174856024,100157
28772,-0.001542261192680195,-0.0054540184579412645,100157
28789,-0.10339901914223507,0.00786762064257289,100157
28904,-0.008487080314730788,-0.004646376068467225,100157
28907,-0.030616001056775023,-0.03584573174856024,100157
28923,-1.097717498580872,0.08352521061798596,100157
28963,0.01145679973361455,0.04051557382928159,100157
28982,-0.10339901914223507,0.00786762064257289,100157
29049,-1.097717498580872,0.08352521061798596,100157
29078,-1.097717498580872,0.08352521061798596,100157
29137,3.3767156588929943,-0.25693394427137284,100157
29263,-1.097717498580872,0.08352521061798596,100157
29294,0.035125335517785676,0.041125336787578126,100157
29310,-0.008952599667820608,-0.12572683393184983,100157
29420,1.8852379397350387,-0.14344755930825326,100157
29489,-0.030616001056775023,-0.03584573174856024,100157
29499,0.05884880694581858,1.3549587689962792,100157
29575,-0.10339901914223507,0.00786762064257289,100157
29587,0.026472258535421928,0.37176612114659774,100157
29629,-0.008487080314730788,-0.004646376068467225,100157
29687,-0.041501902403570594,0.8771266968676182,100157
29737,0.0010575509925787538,0.0037398999995033057,100157
29738,0.39376022057708343,-0.029961174345133644,100157
29805,-1.097717498580872,0.08352521061798596,100157
29819,-0.07454151410218436,-0.04080884054208314,100157
29850,0.0010575509925787538,0.0037398999995033057,100157
29879,1.3880787000157204,-0.10561876432054672,100157
29930,-0.001542261192680195,-0.0054540184579412645,100157
29935,0.15664900415390315,0.08575978511557257,100157
30002,-0.030616001056775023,-0.03584573174856024,100157
30026,-1.097717498580872,0.08352521061798596,100157
30047,-0.041514297208457576,-0.022727608305275183,100157
30081,0.13274683314514954,1.8642449863819406,100157
30097,0.024540136578995998,0.013434856168340734,100157
30210,-0.004142073377939144,-0.014647936915385835,100157
30247,-0.6005582588615536,0.04569641563027942,100157
30317,0.18967622104762993,0.10384101735238052,100157
30352,-0.008487080314730788,-0.004646376068467225,100157
30360,-0.006741885563198093,-0.023841855372830408,100157
30443,0.0010575509925787538,0.0037398999995033057,100157
30447,-1.097717498580872,0.08352521061798596,100157
30493,0.8909194602964019,-0.06778996933284018,100157
30497,0.024540136578995998,0.013434856168340734,100157
30507,-0.004142073377939144,-0.014647936915385835,100157
30567,0.006257175363096651,0.022127736914392446,100157
30576,-0.07980231607430568,-1.120712744088745,100157
30583,0.024540136578995998,0.013434856168340734,100157
30624,-0.041514297208457576,-0.022727608305275183,100157
30739,0.16817169134839208,2.361737941460388,100157
30748,-0.07980231607430568,-1.120712744088745,100157
30840,0.026472258535421928,0.37176612114659774,100157
30867,0.014056611918873498,0.04970949228672616,100157
30875,-0.030616001056775023,-0.03584573174856024,100157
30978,-0.6005582588615536,0.04569641563027942,100157
31047,0.39376022057708343,-0.029961174345133644,100157
31121,0.024540136578995998,0.013434856168340734,100157
31122,0.05289704099803343,0.05213442271757174,100157
31152,-0.6005582588615536,0.04569641563027942,100157
31172,0.024540136578995998,0.013434856168340734,100157
31199,-0.10339901914223507,0.00786762064257289,100157
31217,-0.008952599667820608,-0.12572683393184983,100157
31249,-0.008952599667820608,-0.12572683393184983,100157
31300,0.03012962171325963,0.3846999396035456,100157
31335,-0.11522717427754822,-1.6182056991671927,100157
31346,0.026472258535421928,0.37176612114659774,100157
31450,-0.10339901914223507,0.00786762064257289,100157
31459,-0.041514297208457576,-0.022727608305275183,100157
31484,0.024540136578995998,0.013434856168340734,100157
31503,0.024540136578995998,0.013434856168340734,100157
31515,0.12362178726017635,0.0676785528787646,100157
31636,-0.041514297208457576,-0.022727608305275183,100157
31681,0.16817169134839208,2.361737941460388,100157
31716,-0.04437745787106315,-0.6232197890102974,100157
31721,-0.030616001056775023,-0.03584573174856024,100157
31756,-0.041514297208457576,-0.022727608305275183,100157
31764,0.09059457036644956,0.04959732064195665,100157
31802,0.15664900415390315,0.08575978511557257,100157
31913,-0.6005582588615536,0.04569641563027942,100157
31941,-0.05252977991496192,-0.061502754593939696,100157
31949,0.024540136578995998,0.013434856168340734,100157
31955,-0.10339901914223507,0.00786762064257289,100157
31958,0.013211556659598774,0.015468313942198669,100157
31988,-0.10339901914223507,0.00786762064257289,100157
32088,-0.006741885563198093,-0.023841855372830408,100157
32094,-0.008702222198588124,-0.010188708903180787,100157
32161,0.0010575509925787538,0.0037398999995033057,100157
32214,-0.041514297208457576,-0.022727608305275183,100157
32224,-0.001542261192680195,-0.0054540184579412645,100157
32255,-0.07454151410218436,-0.04080884054208314,100157
32321,0.024540136578995998,0.013434856168340734,100157
32344,0.9260447958141875,-0.02666463254526205,100157
32372,-0.00934169774845704,-0.03303577383027498,100157
32446,0.39376022057708343,-0.029961174345133644,100157
32470,0.09059457036644956,0.04959732064195665,100157
32473,-0.006741885563198093,-0.023841855372830408,100157
32508,0.024540136578995998,0.013434856168340734,100157
32509,0.20359654955163461,2.8592308965388358,100157
32541,0.0010575509925787538,0.0037398999995033057,100157
32632,-0.07338600778057006,-0.08341987743981585,100157
32656,-0.10339901914223507,0.00786762064257289,100157
32671,-0.6005582588615536,0.04569641563027942,100157
32729,-0.030616001056775023,-0.03584573174856024,100157
32821,-0.11522717427754822,-1.6182056991671927,100157
32855,-0.10339901914223507,0.00786762064257289,100157
32906,0.024540136578995998,0.013434856168340734,100157
32958,0.024540136578995998,0.013434856168340734,100157
32962,0.39376022057708343,-0.029961174345133644,100157
32983,0.024540136578995998,0.013434856168340734,100157
33014,0.061897116738664465,0.8692590762250454,100157
33035,-0.008702222198588124,-0.010188708903180787,100157
33069,-0.10339901914223507,0.00786762064257289,100157
33082,0.026472258535421928,0.37176612114659774,100157
33205,-0.11522717427754822,-1.6182056991671927,100157
33209,0.0010575509925787538,0.0037398999995033057,100157
33212,-0.6005582588615536,0.04569641563027942,100157
33221,-0.10339901914223507,0.00786762064257289,100157
33272,-0.041514297208457576,-0.022727608305275183,100157
33336,-0.10756873099591115,-0.0588900727788911,100157
33402,-0.10756873099591115,-0.0588900727788911,100157
33405,0.07895289323415947,0.09243938247833704,100157
33471,-0.10756873099591115,-0.0588900727788911,100157
33483,-0.04437745787106315,-0.6232197890102974,100157
33494,-0.041514297208457576,-0.022727608305275183,100157
33495,0.024540136578995998,0.013434856168340734,100157
33587,-0.11522717427754822,-1.6182056991671927,100157
33621,-0.004142073377939144,-0.014647936915385835,100157
33624,-0.004142073377939144,-0.014647936915385835,100157
33666,-0.10339901914223507,0.00786762064257289,100157
33672,-0.04437745787106315,-0.6232197890102974,100157
33706,0.39376022057708343,-0.029961174345133644,100157
33736,0.12571990588423523,0.09072265742953477,100157
33857,-0.07980231607430568,-1.120712744088745,100157
33919,-0.030616001056775023,-0.03584573174856024,100157
33981,0.09059457036644956,0.04959732064195665,100157
33985,0.026472258535421928,0.37176612114659774,100157
34103,0.09412478652914828,0.09425454995088609,100157
34124,-0.04437745787106315,-0.6232197890102974,100157
34127,-0.043319906878484395,-0.6194798890107941,100157
34155,-0.008952599667820608,-0.12572683393184983,100157
34161,-0.008487080314730788,-0.004646376068467225,100157
34180,-0.10339901914223507,0.00786762064257289,100157
34202,0.39376022057708343,-0.029961174345133644,100157
34212,-0.6005582588615536,0.04569641563027942,100157
34402,-0.004142073377939144,-0.014647936915385835,100157
34409,-0.030616001056775023,-0.03584573174856024,100157
34419,0.024540136578995998,0.013434856168340734,100157
34440,-0.08224736290979716,-1.1087737160775333,100157
34454,-0.001542261192680195,-0.0054540184579412645,100157
34474,-0.004142073377939144,-0.014647936915385835,100157
34576,0.37610539871067467,-0.16587671718016428,100157
34632,0.12278045095053326,0.14375342816909595,100157
34650,-0.041514297208457576,-0.022727608305275183,100157
34651,-1.150247278495834,0.02202245602404626,100157
34684,-0.008487080314730788,-0.004646376068467225,100157
34700,0.004258956991778166,-0.11025851998965117,100157
34796,-0.10339901914223507,0.00786762064257289,100157
34823,-0.008702222198588124,-0.010188708903180787,100157
34856,-0.6090453391762843,0.0410500395618122,100157
34899,-0.10339901914223507,0.00786762064257289,100157
35081,-0.008487080314730788,-0.004646376068467225,100157
35091,-0.030616001056775023,-0.03584573174856024,100157
35107,1.3880787000157204,-0.10561876432054672,100157
35133,-0.041514297208457576,-0.022727608305275183,100157
35170,-0.030616001056775023,-0.03584573174856024,100157
35179,0.024540136578995998,0.013434856168340734,100157
35259,-0.04437745787106315,-0.6232197890102974,100157
35299,-0.6005582588615536,0.04569641563027942,100157
35343,-0.04437745787106315,-0.6232197890102974,100157
35387,-1.097717498580872,0.08352521061798596,100157
35455,0.097321974941907,1.3667520313034929,100157
35514,-0.041514297208457576,-0.022727608305275183,100157
35547,0.024540136578995998,0.013434856168340734,100157
35705,-0.004142073377939144,-0.014647936915385835,100157
35761,-0.6005582588615536,0.04569641563027942,100157
35804,0.024540136578995998,0.013434856168340734,100157
35925,0.035125335517785676,0.041125336787578126,100157
36003,-0.030616001056775023,-0.03584573174856024,100157
36038,-0.07980231607430568,-1.120712744088745,100157
36204,-0.11522717427754822,-1.6182056991671927,100157
36225,0.05756735347272278,0.03151608840514869,100157
36232,-0.041514297208457576,-0.022727608305275183,100157
36234,-0.008952599667820608,-0.12572683393184983,100157
36276,2.3823971794543572,-0.18127635429595979,100157
36291,-0.04437745787106315,-0.6232197890102974,100157
36308,-0.041514297208457576,-0.022727608305275183,100157
36312,-0.04437745787106315,-0.6232197890102974,100157
36393,1.9422770541110115,-0.07666519967529567,100157
36417,-0.041514297208457576,-0.022727608305275183,100157
36427,-0.6005582588615536,0.04569641563027942,100157
36430,0.0010575509925787538,0.0037398999995033057,100157
36462,-0.008952599667820608,-0.12572683393184983,100157
36526,-0.001542261192680195,-0.0054540184579412645,100157
36628,-0.001542261192680195,-0.0054540184579412645,100157
36644,-0.2186261934197833,-1.6103380785246197,100157
36821,0.024540136578995998,0.013434856168340734,100157
36836,-0.6005582588615536,0.04569641563027942,100157
36869,-0.041514297208457576,-0.022727608305275183,100157
36932,-0.10339901914223507,0.00786762064257289,100157
36951,-0.5032362839196465,1.4124484469337724,100157
36997,0.024540136578995998,0.013434856168340734,100157
37042,0.8909194602964019,-0.06778996933284018,100157
37116,0.024540136578995998,0.013434856168340734,100157
37129,-0.04437745787106315,-0.6232197890102974,100157
37130,-0.041514297208457576,-0.022727608305275183,100157
37145,-0.041514297208457576,-0.022727608305275183,100157
37161,-0.10339901914223507,0.00786762064257289,100157
37201,0.39376022057708343,-0.029961174345133644,100157
37253,3.3767156588929943,-0.25693394427137284,100157
37264,0.8909194602964019,-0.06778996933284018,100157
37305,-0.10339901914223507,0.00786762064257289,100157
37317,-0.021506670974373622,0.04727623238134875,100157
37333,-0.07980231607430568,-1.120712744088745,100157
37394,-0.10339901914223507,0.00786762064257289,100157
37437,0.024540136578995998,0.013434856168340734,100157
37520,-0.05252977991496192,-0.061502754593939696,100157
37573,-0.041514297208457576,-0.022727608305275183,100157
37578,-0.11522717427754822,-1.6182056991671927,100157
37585,-0.6005582588615536,0.04569641563027942,100157
37804,-0.6005582588615536,0.04569641563027942,100157
37851,-0.008952599667820608,-0.12572683393184983,100157
37867,0.024540136578995998,0.013434856168340734,100157
37923,-0.6005582588615536,0.04569641563027942,100157
37960,-0.041514297208457576,-0.022727608305275183,100157
38020,-0.001542261192680195,-0.0054540184579412645,100157
38156,0.057039114375972574,0.06678235963295757,100157
38160,0.05756735347272278,0.03151608840514869,100157
38170,-0.041514297208457576,-0.022727608305275183,100157
38187,-0.006741885563198093,-0.023841855372830408,100157
38200,0.006257175363096651,0.022127736914392446,100157
38205,-1.097717498580872,0.08352521061798596,100157
38251,-0.10339901914223507,0.00786762064257289,100157
38335,-0.041514297208457576,-0.022727608305275183,100157
38386,-0.04437745787106315,-0.6232197890102974,100157
38396,-0.07454151410218436,-0.04080884054208314,100157
38398,-0.030616001056775023,-0.03584573174856024,100157
38413,0.024540136578995998,0.013434856168340734,100157
38483,0.8909194602964019,-0.06778996933284018,100157
38493,-0.10339901914223507,0.00786762064257289,100157
38504,-0.04437745787106315,-0.6232197890102974,100157
38532,-0.041514297208457576,-0.022727608305275183,100157
38539,-0.008487080314730788,-0.004646376068467225,100157
38585,-0.041514297208457576,-0.022727608305275183,100157
38696,-0.6005582588615536,0.04569641563027942,100157
38721,-0.030616001056775023,-0.03584573174856024,100157
38765,-0.07454151410218436,-0.04080884054208314,100157
38817,0.057039114375972574,0.06678235963295757,100157
38920,-0.04437745787106315,-0.6232197890102974,100157
38921,-0.008952599667820608,-0.12572683393184983,100157
38925,-0.008952599667820608,-0.12572683393184983,100157
38960,-0.041514297208457576,-0.022727608305275183,100157
38988,-0.009252122353277475,-0.5820944522227193,100157
38994,0.10086667209234637,0.11809640532371649,100157
39041,3.3767156588929943,-0.25693394427137284,100157
39085,0.026472258535421928,0.37176612114659774,100157
39099,-0.07454151410218436,-0.04080884054208314,100157
39126,0.024540136578995998,0.013434856168340734,100157
39154,0.039683815195020705,0.3872344350887964,100157
39181,0.05101239511441793,0.38520097731493846,100157
39190,-0.11522717427754822,-1.6182056991671927,100157
39214,-0.04437745787106315,-0.6232197890102974,100157
39238,-1.097717498580872,0.08352521061798596,100157
39288,0.024540136578995998,0.013434856168340734,100157
39301,-0.008702222198588124,-0.010188708903180787,100157
39353,-0.030616001056775023,-0.03584573174856024,100157
39372,0.024540136578995998,0.013434856168340734,100157
39385,-0.11522717427754822,-1.6182056991671927,100157
39387,0.035125335517785676,0.041125336787578126,100157
39397,0.026472258535421928,0.37176612114659774,100157
39454,-0.6005582588615536,0.04569641563027942,100157
39497,0.06182631046450095,-0.07874243158450249,100157
39499,0.024540136578995998,0.013434856168340734,100157
39556,0.39376022057708343,-0.029961174345133644,100157
39583,-0.04437745787106315,-0.6232197890102974,100157
39688,-0.041514297208457576,-0.022727608305275183,100157
39743,-1.097717498580872,0.08352521061798596,100157
39745,-0.030616001056775023,-0.03584573174856024,100157
39775,-0.041514297208457576,-0.022727608305275183,100157
39809,-0.6005582588615536,0.04569641563027942,100157
39823,-1.097717498580872,0.08352521061798596,100157
39827,-0.001542261192680195,-0.0054540184579412645,100157
39880,-0.006741885563198093,-0.023841855372830408,100157
39933,0.024540136578995998,0.013434856168340734,100157
39937,-0.09018746248263629,0.023335934584771557,100157
39968,-0.04437745787106315,-0.6232197890102974,100157
39988,-0.041514297208457576,-0.022727608305275183,100157
40008,0.01166929546691858,0.010014295484257404,100157
40058,0.024540136578995998,0.013434856168340734,100157
40098,-0.04437745787106315,-0.6232197890102974,100157
40101,0.013211556659598774,0.015468313942198669,100157
40117,0.024540136578995998,0.013434856168340734,100157
40123,0.16817169134839208,2.361737941460388,100157
40126,-0.10339901914223507,0.00786762064257289,100157
40144,-0.10339901914223507,0.00786762064257289,100157
40278,-0.07980231607430568,-1.120712744088745,100157
40449,-0.10756873099591115,-0.0588900727788911,100157
40483,1.3880787000157204,-0.10561876432054672,100157
40617,-0.6005582588615536,0.04569641563027942,100157
40666,0.024540136578995998,0.013434856168340734,100157
40713,-0.10339901914223507,0.00786762064257289,100157
40798,0.006257175363096651,0.022127736914392446,100157
41021,-0.004142073377939144,-0.014647936915385835,100157
41034,-0.10339901914223507,0.00786762064257289,100157
41066,-0.041514297208457576,-0.022727608305275183,100157
41079,-0.008487080314730788,-0.004646376068467225,100157
41088,-0.008487080314730788,-0.004646376068467225,100157
41152,-0.6005582588615536,0.04569641563027942,100157
41215,-0.10339901914223507,0.00786762064257289,100157
41244,-0.6005582588615536,0.04569641563027942,100157
41253,-0.10339901914223507,0.00786762064257289,100157
41267,0.45132757404980617,0.001554914060015046,100157
41281,-0.04437745787106315,-0.6232197890102974,100157
41283,-0.041514297208457576,-0.022727608305275183,100157
41430,-0.004142073377939144,-0.014647936915385835,100157
41439,0.024540136578995998,0.013434856168340734,100157
41448,-0.041514297208457576,-0.022727608305275183,100157
41484,-0.008702222198588124,-0.010188708903180787,100157
41487,-0.10756873099591115,-0.0588900727788911,100157
41496,-0.07980231607430568,-1.120712744088745,100157
41527,-0.11522717427754822,-1.6182056991671927,100157
41613,-0.14584317533432326,-1.654051430915753,100157
41670,0.8909194602964019,-0.06778996933284018,100157
41714,-0.041514297208457576,-0.022727608305275183,100157
41749,-0.07454151410218436,-0.04080884054208314,100157
41795,-0.041514297208457576,-0.022727608305275183,100157
41819,0.01166929546691858,0.010014295484257404,100157
41859,-0.6005582588615536,0.04569641563027942,100157
41877,0.8909194602964019,-0.06778996933284018,100157
41883,-0.6005582588615536,0.04569641563027942,100157
41891,-0.11522717427754822,-1.6182056991671927,100157
41929,0.09059457036644956,0.04959732064195665,100157
42032,0.16817169134839208,2.361737941460388,100157
42077,0.16817169134839208,2.361737941460388,100157
42096,-1.097717498580872,0.08352521061798596,100157
42143,-0.6005582588615536,0.04569641563027942,100157
42152,-0.009252122353277475,-0.5820944522227193,100157
42177,-0.10339901914223507,0.00786762064257289,100157
42204,0.05101239511441793,0.38520097731493846,100157
42243,-0.041514297208457576,-0.022727608305275183,100157
42245,-0.030616001056775023,-0.03584573174856024,100157
42311,-0.10339901914223507,0.00786762064257289,100157
42353,0.014056611918873498,0.04970949228672616,100157
42369,-0.10339901914223507,0.00786762064257289,100157
42372,-0.001542261192680195,-0.0054540184579412645,100157
42394,-0.10339901914223507,0.00786762064257289,100157
42424,0.026472258535421928,0.37176612114659774,100157
42466,-0.04437745787106315,-0.6232197890102974,100157
42512,0.003869858911141733,-0.017567459888076307,100157
42556,-0.006741885563198093,-0.023841855372830408,100157
42604,-0.07980231607430568,-1.120712744088745,100157
42640,0.034575435363096325,-0.5307804065319603,100157
42690,-0.6005582588615536,0.04569641563027942,100157
42726,-0.008702222198588124,-0.010188708903180787,100157
42777,-0.04437745787106315,-0.6232197890102974,100157
42778,2.3823971794543572,-0.18127635429595979,100157
42791,-0.030616001056775023,-0.03584573174856024,100157
42794,0.20359654955163461,2.8592308965388358,100157
42886,-0.6005582588615536,0.04569641563027942,100157
42909,-0.06827368362444938,0.048992957430151016,100157
42925,0.39376022057708343,-0.029961174345133644,100157
42933,-0.017439679982551397,-0.13037321000031707,100157
42951,-0.041514297208457576,-0.022727608305275183,100157
42956,-0.07499345892783817,-0.6590655207588576,100157
43052,-0.004142073377939144,-0.014647936915385835,100157
43068,-0.11522717427754822,-1.6182056991671927,100157
43071,-0.11522717427754822,-1.6182056991671927,100157
43122,0.15664900415390315,0.08575978511557257,100157
43184,0.024540136578995998,0.013434856168340734,100157
43194,-0.11522717427754822,-1.6182056991671927,100157
43263,0.09059457036644956,0.04959732064195665,100157
43286,-0.041514297208457576,-0.022727608305275183,100157
43410,0.0010575509925787538,0.0037398999995033057,100157
43451,-0.008952599667820608,-0.12572683393184983,100157
43463,-0.041514297208457576,-0.022727608305275183,100157
43506,-0.041514297208457576,-0.022727608305275183,100157
43517,-0.008952599667820608,-0.12572683393184983,100157
43525,-0.030616001056775023,-0.03584573174856024,100157
43529,-0.10339901914223507,0.00786762064257289,100157
43547,0.097321974941907,1.3667520313034929,100157
43556,-0.008702222198588124,-0.010188708903180787,100157
43565,-1.097717498580872,0.08352521061798596,100157
43569,0.8909194602964019,-0.06778996933284018,100157
43582,0.39376022057708343,-0.029961174345133644,100157
43594,0.024540136578995998,0.013434856168340734,100157
43636,-0.10339901914223507,0.00786762064257289,100157
43657,0.097321974941907,1.3667520313034929,100157
43688,0.024540136578995998,0.013434856168340734,100157
43703,0.8909194602964019,-0.06778996933284018,100157
43767,0.8909194602964019,-0.06778996933284018,100157
43800,0.013211556659598774,0.015468313942198669,100157
43804,-0.041514297208457576,-0.022727608305275183,100157
43864,0.035125335517785676,0.041125336787578126,100157
43924,-0.6005582588615536,0.04569641563027942,100157
43940,0.014056611918873498,0.04970949228672616,100157
43945,0.024540136578995998,0.013434856168340734,100157
43988,-1.0845059419212733,0.09899352456018462,100157
44038,-0.04437745787106315,-0.6232197890102974,100157
44081,-0.008487080314730788,-0.004646376068467225,100157
44113,-1.097717498580872,0.08352521061798596,100157
44226,-0.10339901914223507,0.00786762064257289,100157
44256,0.13274683314514954,1.8642449863819406,100157
44296,0.013211556659598774,0.015468313942198669,100157
44341,-0.030616001056775023,-0.03584573174856024,100157
44376,2.3823971794543572,-0.18127635429595979,100157
44384,-0.008487080314730788,-0.004646376068467225,100157
44386,0.057039114375972574,0.06678235963295757,100157
44492,-0.6005582588615536,0.04569641563027942,100157
44497,0.01145679973361455,0.04051557382928159,100157
44505,-0.008487080314730788,-0.004646376068467225,100157
44531,-0.10339901914223507,0.00786762064257289,100157
44625,-0.041514297208457576,-0.022727608305275183,100157
44650,0.04621711249538642,-0.5736224683683407,100157
44654,-1.097717498580872,0.08352521061798596,100157
44737,-0.030616001056775023,-0.03584573174856024,100157
44780,-0.006741885563198093,-0.023841855372830408,100157
44834,-1.097717498580872,0.08352521061798596,100157
44843,0.016868919837436477,0.028402132399146546,100157
44851,0.15664900415390315,0.08575978511557257,100157
44963,0.0036573631778377027,0.012933818456947877,100157
45012,-0.041514297208457576,-0.022727608305275183,100157
45039,0.0010575509925787538,0.0037398999995033057,100157
45068,-1.097717498580872,0.08352521061798596,100157
45121,-1.097717498580872,0.08352521061798596,100157
45133,0.097321974941907,1.3667520313034929,100157
45159,0.024540136578995998,0.013434856168340734,100157
45234,0.024540136578995998,0.013434856168340734,100157
45361,-0.6005582588615536,0.04569641563027942,100157
45483,0.026472258535421928,0.37176612114659774,100157
45510,-0.10756873099591115,-0.0588900727788911,100157
45515,0.09059457036644956,0.04959732064195665,100157
45548,-0.10339901914223507,0.00786762064257289,100157
45602,-0.10339901914223507,0.00786762064257289,100157
45681,-0.004142073377939144,-0.014647936915385835,100157
45742,0.024540136578995998,0.013434856168340734,100157
45811,-0.041514297208457576,-0.022727608305275183,100157
45888,-0.10339901914223507,0.00786762064257289,100157
45892,-0.04437745787106315,-0.6232197890102974,100157
45928,0.0010575509925787538,0.0037398999995033057,100157
45929,-0.6005582588615536,0.04569641563027942,100157
45950,0.024540136578995998,0.013434856168340734,100157
45971,0.0010575509925787538,0.0037398999995033057,100157
45987,0.22304188082614226,1.4574746887330277,100157
46074,0.8909194602964019,-0.06778996933284018,100157
46086,-0.10339901914223507,0.00786762064257289,100157
46136,0.026472258535421928,0.37176612114659774,100157
46157,0.8909194602964019,-0.06778996933284018,100157
46211,-0.041514297208457576,-0.022727608305275183,100157
46257,0.0010575509925787538,0.0037398999995033057,100157
46281,0.39376022057708343,-0.029961174345133644,100157
46385,-0.10756873099591115,-0.0588900727788911,100157
46396,-0.041514297208457576,-0.022727608305275183,100157
46405,0.026472258535421928,0.37176612114659774,100157
46424,0.024540136578995998,0.013434856168340734,100157
46439,-0.04437745787106315,-0.6232197890102974,100157
46470,0.14732058752952926,0.15718828433743667,100157
46480,0.01145679973361455,0.04051557382928159,100157
46497,0.097321974941907,1.3667520313034929,100157
46545,0.024540136578995998,0.013434856168340734,100157
46550,0.8909194602964019,-0.06778996933284018,100157
46577,0.8909194602964019,-0.06778996933284018,100157
46586,0.024540136578995998,0.013434856168340734,100157
46653,-0.001542261192680195,-0.0054540184579412645,100157
46737,0.024540136578995998,0.013434856168340734,100157
46765,-1.097717498580872,0.08352521061798596,100157
46769,0.013211556659598774,0.015468313942198669,100157
46815,-0.5873467022019547,0.061164729572478094,100157
46820,-0.04437745787106315,-0.6232197890102974,100157
46828,-0.10339901914223507,0.00786762064257289,100157
46896,0.16817169134839208,2.361737941460388,100157
46903,-1.097717498580872,0.08352521061798596,100157
46979,0.03532924608377753,0.40308777651843475,100157
47044,0.006257175363096651,0.022127736914392446,100157
47101,0.09059457036644956,0.04959732064195665,100157
47154,0.01145679973361455,0.04051557382928159,100157
47160,-1.097717498580872,0.08352521061798596,100157
47180,-0.008952599667820608,-0.12572683393184983,100157
47208,-0.6005582588615536,0.04569641563027942,100157
47341,0.0088569875483556,0.031321655371837016,100157
47405,0.20359654955163461,2.8592308965388358,100157
47420,-0.008702222198588124,-0.010188708903180787,100157
47421,0.061897116738664465,0.8692590762250454,100157
47427,0.18791654530835658,1.4163493519454495,100157
47429,0.8909194602964019,-0.06778996933284018,100157
47439,-0.07874476508172693,-1.1169728440892417,100157
47450,0.3848076209092628,-0.15568800827698348,100157
47476,-0.10339901914223507,0.00786762064257289,100157
47542,-0.04437745787106315,-0.6232197890102974,100157
47562,0.026472258535421928,0.37176612114659774,100157
47587,-0.10339901914223507,0.00786762064257289,100157
47623,-1.097717498580872,0.08352521061798596,100157
47695,-0.6005582588615536,0.04569641563027942,100157
47803,-0.10756873099591115,-0.0588900727788911,100157
47816,-0.041514297208457576,-0.022727608305275183,100157
47865,-0.10339901914223507,0.00786762064257289,100157
47953,-0.001542261192680195,-0.0054540184579412645,100157
48025,-0.04437745787106315,-0.6232197890102974,100157
48038,-0.008487080314730788,-0.004646376068467225,100157
48043,-0.008702222198588124,-0.010188708903180787,100157
48071,-0.004142073377939144,-0.014647936915385835,100157
48082,0.026472258535421928,0.37176612114659774,100157
48112,-0.10339901914223507,0.00786762064257289,100157
48113,0.026472258535421928,0.37176612114659774,100157
48299,0.39376022057708343,-0.029961174345133644,100157
48346,-0.008702222198588124,-0.010188708903180787,100157
48465,-0.10339901914223507,0.00786762064257289,100157
48485,-0.041514297208457576,-0.022727608305275183,100157
48498,-1.097717498580872,0.08352521061798596,100157
48568,-0.041514297208457576,-0.022727608305275183,100157
48657,0.026472258535421928,0.37176612114659774,100157
48677,-0.10339901914223507,0.00786762064257289,100157
48697,-0.04437745787106315,-0.6232197890102974,100157
48712,-1.097717498580872,0.08352521061798596,100157
48831,-0.04437745787106315,-0.6232197890102974,100157
48876,-1.097717498580872,0.08352521061798596,100157
48902,0.8909194602964019,-0.06778996933284018,100157
48904,0.39376022057708343,-0.029961174345133644,100157
48919,-0.030616001056775023,-0.03584573174856024,100157
48929,-0.07454151410218436,-0.04080884054208314,100157
48961,0.026472258535421928,0.37176612114659774,100157
49026,-1.097717498580872,0.08352521061798596,100157
49030,-0.10339901914223507,0.00786762064257289,100157
49068,-0.11522717427754822,-1.6182056991671927,100157
49075,0.03775169323859477,0.028903170110539403,100157
49122,0.026472258535421928,0.37176612114659774,100157
49183,0.024540136578995998,0.013434856168340734,100157
49201,-0.10339901914223507,0.00786762064257289,100157
49204,-0.008487080314730788,-0.004646376068467225,100157
49229,-0.010494860860500803,-0.1311808523897911,100157
49291,-1.097717498580872,0.08352521061798596,100157
49336,-0.041514297208457576,-0.022727608305275183,100157
49374,-0.11522717427754822,-1.6182056991671927,100157
49440,-0.10339901914223507,0.00786762064257289,100157
49478,0.8909194602964019,-0.06778996933284018,100157
49554,-0.041514297208457576,-0.022727608305275183,100157
49562,0.024540136578995998,0.013434856168340734,100157
49607,2.8795564191736758,-0.2191051492836663,100157
49635,-0.10339901914223507,0.00786762064257289,100157
49679,0.09059457036644956,0.04959732064195665,100157
49738,-0.001542261192680195,-0.0054540184579412645,100157
49817,-0.041514297208457576,-0.022727608305275183,100157
49822,-0.04437745787106315,-0.6232197890102974,100157
49828,0.10086667209234637,0.11809640532371649,100157
49999,-1.097717498580872,0.08352521061798596,100157
50003,0.024540136578995998,0.013434856168340734,100157
50085,-0.006741885563198093,-0.023841855372830408,100157
50089,0.024540136578995998,0.013434856168340734,100157
50137,0.39376022057708343,-0.029961174345133644,100157
50168,0.014056611918873498,0.04970949228672616,100157
50212,0.05756735347272278,0.03151608840514869,100157
50262,-0.6005582588615536,0.04569641563027942,100157
50297,0.5413939053195056,0.08641850592978058,100157
50334,3.3767156588929943,-0.25693394427137284,100157
50367,0.39376022057708343,-0.029961174345133644,100157
50425,-0.041514297208457576,-0.022727608305275183,100157
50428,0.09059457036644956,0.04959732064195665,100157
50441,0.03532924608377753,0.40308777651843475,100157
50497,-0.008487080314730788,-0.004646376068467225,100157
50499,-0.07444355877314882,-0.08715977743931916,100157
50541,0.0036573631778377027,0.012933818456947877,100157
50566,-0.6005582588615536,0.04569641563027942,100157
50567,-0.008952599667820608,-0.12572683393184983,100157
50575,0.09059457036644956,0.04959732064195665,100157
50599,-0.11522717427754822,-1.6182056991671927,100157
50603,-0.6005582588615536,0.04569641563027942,100157
50641,0.0036573631778377027,0.012933818456947877,100157
50672,-0.04437745787106315,-0.6232197890102974,100157
50678,-0.05252977991496192,-0.061502754593939696,100157
50746,0.026472258535421928,0.37176612114659774,100157
50772,-0.07980231607430568,-1.120712744088745,100157
50774,-0.04437745787106315,-0.6232197890102974,100157
50796,-0.10339901914223507,0.00786762064257289,100157
50811,0.8909194602964019,-0.06778996933284018,100157
50816,-0.6530880387765154,-0.015806338963660273,100157
50817,-0.030616001056775023,-0.03584573174856024,100157
50831,-0.07444355877314882,-0.08715977743931916,100157
50843,-0.10756873099591115,-0.0588900727788911,100157
50877,-0.10339901914223507,0.00786762064257289,100157
50943,-0.008487080314730788,-0.004646376068467225,100157
50971,-1.097717498580872,0.08352521061798596,100157
50973,-0.030616001056775023,-0.03584573174856024,100157
50982,0.39376022057708343,-0.029961174345133644,100157
50995,-0.10756873099591115,-0.0588900727788911,100157
51037,-0.11522717427754822,-1.6182056991671927,100157
51049,-0.07980231607430568,-1.120712744088745,100157
51075,-0.008487080314730788,-0.004646376068467225,100157
51123,0.09059457036644956,0.04959732064195665,100157
51199,-0.10339901914223507,0.00786762064257289,100157
51227,-0.008487080314730788,-0.004646376068467225,100157
51266,-0.008952599667820608,-0.12572683393184983,100157
51337,-0.07454151410218436,-0.04080884054208314,100157
51455,-0.10339901914223507,0.00786762064257289,100157
51530,0.09059457036644956,0.04959732064195665,100157
51548,-0.04437745787106315,-0.6232197890102974,100157
51558,0.8909194602964019,-0.06778996933284018,100157
51559,0.035125335517785676,0.041125336787578126,100157
51611,-0.07444355877314882,-0.08715977743931916,100157
51616,-0.10339901914223507,0.00786762064257289,100157
51795,-0.006741885563198093,-0.023841855372830408,100157
51810,-1.097717498580872,0.08352521061798596,100157
51834,-0.041514297208457576,-0.022727608305275183,100157
51919,-0.10339901914223507,0.00786762064257289,100157
51927,-0.10756873099591115,-0.0588900727788911,100157
51928,0.8909194602964019,-0.06778996933284018,100157
51943,-0.041514297208457576,-0.022727608305275183,100157
51969,-0.04437745787106315,-0.6232197890102974,100157
51989,1.3136351412425715,-0.19277854175986586,100157
52039,-0.030616001056775023,-0.03584573174856024,100157
52098,-0.10339901914223507,0.00786762064257289,100157
52135,0.09059457036644956,0.04959732064195665,100157
52181,0.8909194602964019,-0.06778996933284018,100157
52187,-1.097717498580872,0.08352521061798596,100157
52194,-0.04437745787106315,-0.6232197890102974,100157
52260,0.013211556659598774,0.015468313942198669,100157
52271,-0.10339901914223507,0.00786762064257289,100157
52394,0.024540136578995998,0.013434856168340734,100157
52405,0.0010575509925787538,0.0037398999995033057,100157
52406,-0.10339901914223507,0.00786762064257289,100157
52482,-1.097717498580872,0.08352521061798596,100157
52520,-0.10339901914223507,0.00786762064257289,100157
52543,-0.001542261192680195,-0.0054540184579412645,100157
52587,-0.030616001056775023,-0.03584573174856024,100157
52636,0.39376022057708343,-0.029961174345133644,100157
52637,0.39376022057708343,-0.029961174345133644,100157
52674,-0.041514297208457576,-0.022727608305275183,100157
52676,0.12278045095053326,0.14375342816909595,100157
52683,0.8909194602964019,-0.06778996933284018,100157
52740,0.39376022057708343,-0.029961174345133644,100157
52795,-1.097717498580872,0.08352521061798596,100157
52814,-0.004142073377939144,-0.014647936915385835,100157
52845,0.024540136578995998,0.013434856168340734,100157
52877,-0.6449357167326166,-0.577523373380018,100157
52919,-0.10339901914223507,0.00786762064257289,100157
52924,-0.10339901914223507,0.00786762064257289,100157
52933,-0.11522717427754822,-1.6182056991671927,100157
52981,-0.10339901914223507,0.00786762064257289,100157
52991,0.026472258535421928,0.37176612114659774,100157
53007,-0.6005582588615536,0.04569641563027942,100157
53014,0.16817169134839208,2.361737941460388,100157
53122,-0.00934169774845704,-0.03303577383027498,100157
53145,-0.10339901914223507,0.00786762064257289,100157
53218,0.16817169134839208,2.361737941460388,100157
53243,-1.097717498580872,0.08352521061798596,100157
53308,0.18967622104762993,0.10384101735238052,100157
53355,0.16817169134839208,2.361737941460388,100157
53494,-0.07980231607430568,-1.120712744088745,100157
53640,0.0010575509925787538,0.0037398999995033057,100157
53693,-0.001542261192680195,-0.0054540184579412645,100157
53716,0.024540136578995998,0.013434856168340734,100157
53722,-1.097717498580872,0.08352521061798596,100157
53798,-0.001542261192680195,-0.0054540184579412645,100157
53822,0.09059457036644956,0.04959732064195665,100157
53908,-0.10339901914223507,0.00786762064257289,100157
53941,-0.10339901914223507,0.00786762064257289,100157
54087,-0.05252977991496192,-0.061502754593939696,100157
54095,0.026472258535421928,0.37176612114659774,100157
54113,0.097321974941907,1.3667520313034929,100157
54135,-0.04437745787106315,-0.6232197890102974,100157
54143,0.057039114375972574,0.06678235963295757,100157
54160,-0.10756873099591115,-0.0588900727788911,100157
54236,0.16817169134839208,2.361737941460388,100157
54238,0.026472258535421928,0.37176612114659774,100157
54249,0.39376022057708343,-0.029961174345133644,100157
54250,-1.097717498580872,0.08352521061798596,100157
54259,-0.11522717427754822,-1.6182056991671927,100157
54328,0.024540136578995998,0.013434856168340734,100157
54426,0.006257175363096651,0.022127736914392446,100157
54443,-0.10539431810075585,-0.6893689196727044,100157
54447,2.8795564191736758,-0.2191051492836663,100157
54465,-0.13401502019901007,-0.02797811110598735,100157
54478,0.013211556659598774,0.015468313942198669,100157
54496,-0.6005582588615536,0.04569641563027942,100157
54498,-0.008952599667820608,-0.12572683393184983,100157
54513,-0.10339901914223507,0.00786762064257289,100157
54549,0.08643725331766046,0.8826939323933861,100157
54594,0.8909194602964019,-0.06778996933284018,100157
54595,0.024540136578995998,0.013434856168340734,100157
54656,-0.041514297208457576,-0.022727608305275183,100157
54662,-0.11522717427754822,-1.6182056991671927,100157
54699,-0.10756873099591115,-0.0588900727788911,100157
54734,0.39376022057708343,-0.029961174345133644,100157
54772,0.024540136578995998,0.013434856168340734,100157
54802,-1.097717498580872,0.08352521061798596,100157
54817,-0.04437745787106315,-0.6232197890102974,100157
54840,0.013211556659598774,0.015468313942198669,100157
54881,-0.041514297208457576,-0.022727608305275183,100157
54951,0.39376022057708343,-0.029961174345133644,100157
54989,0.024540136578995998,0.013434856168340734,100157
55008,0.035125335517785676,0.041125336787578126,100157
55069,-0.030616001056775023,-0.03584573174856024,100157
55144,0.0036573631778377027,0.012933818456947877,100157
55147,-0.030616001056775023,-0.03584573174856024,100157
55270,0.0010575509925787538,0.0037398999995033057,100157
55273,-0.041514297208457576,-0.022727608305275183,100157
55286,0.15664900415390315,0.08575978511557257,100157
55303,-0.04437745787106315,-0.6232197890102974,100157
55410,0.013211556659598774,0.015468313942198669,100157
55420,0.09059457036644956,0.04959732064195665,100157
55466,-0.001542261192680195,-0.0054540184579412645,100157
55479,-0.10339901914223507,0.00786762064257289,100157
55489,-0.01983732129206715,-0.6097849328419567,100157
55493,0.024540136578995998,0.013434856168340734,100157
55556,0.24791704524276015,-1.6840126052608866,100157
55601,-0.001542261192680195,-0.0054540184579412645,100157
55606,-0.10756873099591115,-0.0588900727788911,100157
55651,-0.10339901914223507,0.00786762064257289,100157
55683,-0.10756873099591115,-0.0588900727788911,100157
55685,-1.097717498580872,0.08352521061798596,100157
55702,0.0010575509925787538,0.0037398999995033057,100157
55724,-0.6005582588615536,0.04569641563027942,100157
55738,-0.008487080314730788,-0.004646376068467225,100157
55765,-0.041514297208457576,-0.022727608305275183,100157
55856,-0.004142073377939144,-0.014647936915385835,100157
55914,-0.07980231607430568,-1.120712744088745,100157
55957,0.097321974941907,1.3667520313034929,100157
56059,-0.040456746215878824,-0.01898770830577188,100157
56063,-0.04437745787106315,-0.6232197890102974,100157
56083,-0.10756873099591115,-0.0588900727788911,100157
56174,0.097321974941907,1.3667520313034929,100157
56214,0.026472258535421928,0.37176612114659774,100157
56221,0.0010575509925787538,0.0037398999995033057,100157
56257,0.16922924234097084,2.3654778414598914,100157
56299,-0.11522717427754822,-1.6182056991671927,100157
56304,-0.004142073377939144,-0.014647936915385835,100157
56321,-0.11522717427754822,-1.6182056991671927,100157
56331,-0.11522717427754822,-1.6182056991671927,100157
56347,-0.05252977991496192,-0.061502754593939696,100157
56358,0.39376022057708343,-0.029961174345133644,100157
56425,-0.001542261192680195,-0.0054540184579412645,100157
56464,0.035125335517785676,0.041125336787578126,100157
56472,-0.1323320959892676,-1.1822154986826847,100157
56504,0.8822172380978137,-0.07797867823602096,100157
56518,0.026472258535421928,0.37176612114659774,100157
56525,-0.030616001056775023,-0.03584573174856024,100157
56640,-0.041514297208457576,-0.022727608305275183,100157
56709,-0.10756873099591115,-0.0588900727788911,100157
56720,0.8111171442220962,-1.188502713421585,100157
56813,-1.097717498580872,0.08352521061798596,100157
56841,0.024540136578995998,0.013434856168340734,100157
56895,0.0088569875483556,0.031321655371837016,100157
56919,-0.05252977991496192,-0.061502754593939696,100157
56927,1.3880787000157204,-0.10561876432054672,100157
56962,-0.030616001056775023,-0.03584573174856024,100157
56977,-0.10339901914223507,0.00786762064257289,100157
56978,0.39376022057708343,-0.029961174345133644,100157
56981,-0.041514297208457576,-0.022727608305275183,100157
57039,0.024540136578995998,0.013434856168340734,100157
57048,-0.11522717427754822,-1.6182056991671927,100157
57121,-0.11522717427754822,-1.6182056991671927,100157
57198,0.024540136578995998,0.013434856168340734,100157
57218,-0.013094673045759751,-0.14037477084723565,100157
57230,-0.10339901914223507,0.00786762064257289,100157
57248,0.026472258535421928,0.37176612114659774,100157
57306,-0.11522717427754822,-1.6182056991671927,100157
57344,-0.11522717427754822,-1.6182056991671927,100157
57366,0.0010575509925787538,0.0037398999995033057,100157
57369,0.013211556659598774,0.015468313942198669,100157
57372,-0.041514297208457576,-0.022727608305275183,100157
57406,0.09059457036644956,0.04959732064195665,100157
57427,-0.008702222198588124,-0.010188708903180787,100157
57496,-0.05252977991496192,-0.061502754593939696,100157
57516,-0.041514297208457576,-0.022727608305275183,100157
57542,0.014056611918873498,0.04970949228672616,100157
57545,0.024540136578995998,0.013434856168340734,100157
57566,-0.10339901914223507,0.00786762064257289,100157
57609,-0.6005582588615536,0.04569641563027942,100157
57695,-0.07980231607430568,-1.120712744088745,100157
57705,-0.10756873099591115,-0.0588900727788911,100157
57706,0.39376022057708343,-0.029961174345133644,100157
57735,0.15728696972414555,1.8776798425502812,100157
57770,-0.07454151410218436,-0.04080884054208314,100157
57849,-0.041514297208457576,-0.022727608305275183,100157
57893,0.024540136578995998,0.013434856168340734,100157
57906,0.0010575509925787538,0.0037398999995033057,100157
57977,-0.001542261192680195,-0.0054540184579412645,100157
58069,-0.10339901914223507,0.00786762064257289,100157
58170,-0.10339901914223507,0.00786762064257289,100157
58180,-0.004142073377939144,-0.014647936915385835,100157
58202,-0.04437745787106315,-0.6232197890102974,100157
58207,-0.10339901914223507,0.00786762064257289,100157
58213,-0.008702222198588124,-0.010188708903180787,100157
58228,-0.008487080314730788,-0.004646376068467225,100157
58277,-0.10339901914223507,0.00786762064257289,100157
58296,-0.10339901914223507,0.00786762064257289,100157
58353,-0.008952599667820608,-0.12572683393184983,100157
58429,-0.10339901914223507,0.00786762064257289,100157
58482,-0.11522717427754822,-1.6182056991671927,100157
58483,-1.097717498580872,0.08352521061798596,100157
58488,-0.008487080314730788,-0.004646376068467225,100157
58501,-0.05252977991496192,-0.061502754593939696,100157
58513,-0.030616001056775023,-0.03584573174856024,100157
58572,-0.041514297208457576,-0.022727608305275183,100157
58612,0.097321974941907,1.3667520313034929,100157
58641,0.0036573631778377027,0.012933818456947877,100157
58648,-0.008487080314730788,-0.004646376068467225,100157
58673,-0.6005582588615536,0.04569641563027942,100157
58730,0.0036573631778377027,0.012933818456947877,100157
58802,-0.01765482186640873,-0.13591554283503063,100157
58833,1.3880787000157204,-0.10561876432054672,100157
58855,0.09059457036644956,0.04959732064195665,100157
58922,-0.03475807443471417,-0.05049366866394608,100157
58925,-0.10339901914223507,0.00786762064257289,100157
58953,0.05756735347272278,0.03151608840514869,100157
58958,-0.10339901914223507,0.00786762064257289,100157
58987,2.3823971794543572,-0.18127635429595979,100157
59003,-0.10339901914223507,0.00786762064257289,100157
59049,-0.041514297208457576,-0.022727608305275183,100157
59097,0.026472258535421928,0.37176612114659774,100157
59153,0.035125335517785676,0.041125336787578126,100157
59255,-0.041514297208457576,-0.022727608305275183,100157
59269,-0.6005582588615536,0.04569641563027942,100157
59340,0.024540136578995998,0.013434856168340734,100157
59414,0.024540136578995998,0.013434856168340734,100157
59431,-0.00934169774845704,-0.03303577383027498,100157
59454,0.0010575509925787538,0.0037398999995033057,100157
59457,0.026472258535421928,0.37176612114659774,100157
59472,-0.10756873099591115,-0.0588900727788911,100157
59477,0.039683815195020705,0.3872344350887964,100157
59544,-0.008487080314730788,-0.004646376068467225,100157
59551,-0.11522717427754822,-1.6182056991671927,100157
59560,-0.6005582588615536,0.04569641563027942,100157
59669,0.026472258535421928,0.37176612114659774,100157
59714,-0.10339901914223507,0.00786762064257289,100157
59729,-0.008702222198588124,-0.010188708903180787,100157
59736,0.24791704524276015,-1.6840126052608866,100157
59766,0.014056611918873498,0.04970949228672616,100157
59795,0.024540136578995998,0.013434856168340734,100157
59852,-0.041514297208457576,-0.022727608305275183,100157
59868,0.026172735849965066,-0.0846014971442717,100157
59873,0.006257175363096651,0.022127736914392446,100157
59931,0.035125335517785676,0.041125336787578126,100157
59949,0.024540136578995998,0.013434856168340734,100157
59959,-0.006741885563198093,-0.023841855372830408,100157
60031,0.035125335517785676,0.041125336787578126,100157
60135,-0.008487080314730788,-0.004646376068467225,100157
60155,-1.097717498580872,0.08352521061798596,100157
60159,-0.10339901914223507,0.00786762064257289,100157
60166,0.026472258535421928,0.37176612114659774,100157
60169,0.024540136578995998,0.013434856168340734,100157
60181,0.035125335517785676,0.041125336787578126,100157
60348,0.8909194602964019,-0.06778996933284018,100157
60361,0.026472258535421928,0.37176612114659774,100157
60373,-0.10756873099591115,-0.0588900727788911,100157
60383,-1.097717498580872,0.08352521061798596,100157
60385,-0.10339901914223507,0.00786762064257289,100157
60416,-0.6005582588615536,0.04569641563027942,100157
60427,-0.04437745787106315,-0.6232197890102974,100157
60441,-0.008952599667820608,-0.12572683393184983,100157
60457,-0.004142073377939144,-0.014647936915385835,100157
60466,-0.6005582588615536,0.04569641563027942,100157
60504,0.024540136578995998,0.013434856168340734,100157
60518,0.09059457036644956,0.04959732064195665,100157
60562,0.09059457036644956,0.04959732064195665,100157
60592,-1.097717498580872,0.08352521061798596,100157
60666,0.024540136578995998,0.013434856168340734,100157
60762,0.024540136578995998,0.013434856168340734,100157
60828,-1.097717498580872,0.08352521061798596,100157
60848,-0.10339901914223507,0.00786762064257289,100157
60875,0.024540136578995998,0.013434856168340734,100157
60887,2.8795564191736758,-0.2191051492836663,100157
60923,-0.07885888256323906,0.02130247681091362,100157
60950,0.024540136578995998,0.013434856168340734,100157
60978,0.026472258535421928,0.37176612114659774,100157
61024,-0.030616001056775023,-0.03584573174856024,100157
61041,0.39376022057708343,-0.029961174345133644,100157
61053,-0.04437745787106315,-0.6232197890102974,100157
61068,0.12278045095053326,0.14375342816909595,100157
61100,-0.041514297208457576,-0.022727608305275183,100157
61168,-0.008487080314730788,-0.004646376068467225,100157
61223,-1.097717498580872,0.08352521061798596,100157
61248,-0.008487080314730788,-0.004646376068467225,100157
61303,-0.004142073377939144,-0.014647936915385835,100157
61368,3.3767156588929943,-0.25693394427137284,100157
61394,-0.10339901914223507,0.00786762064257289,100157
61408,-0.004142073377939144,-0.014647936915385835,100157
61487,0.0010575509925787538,0.0037398999995033057,100157
61495,-0.010494860860500803,-0.1311808523897911,100157
61496,0.09059457036644956,0.04959732064195665,100157
61513,-0.6005582588615536,0.04569641563027942,100157
61525,0.024540136578995998,0.013434856168340734,100157
61552,0.13274683314514954,1.8642449863819406,100157
61557,0.0010575509925787538,0.0037398999995033057,100157
61616,-1.097717498580872,0.08352521061798596,100157
61668,-0.041514297208457576,-0.022727608305275183,100157
61696,-0.10339901914223507,0.00786762064257289,100157
61744,-0.008702222198588124,-0.010188708903180787,100157
61824,-0.11522717427754822,-1.6182056991671927,100157
61848,-0.008487080314730788,-0.004646376068467225,100157
61983,-0.10756873099591115,-0.0588900727788911,100157
62040,-0.6803605749358592,-1.0750163284584655,100157
62046,-0.05252977991496192,-0.061502754593939696,100157
62051,-1.097717498580872,0.08352521061798596,100157
62089,0.039683815195020705,0.3872344350887964,100157
62222,0.15664900415390315,0.08575978511557257,100157
62310,-0.041514297208457576,-0.022727608305275183,100157
62331,-0.04437745787106315,-0.6232197890102974,100157
62335,0.013211556659598774,0.015468313942198669,100157
62345,0.03532924608377753,0.40308777651843475,100157
62353,0.20359654955163461,2.8592308965388358,100157
62357,3.3767156588929943,-0.25693394427137284,100157
62362,0.024540136578995998,0.013434856168340734,100157
62390,-0.04437745787106315,-0.6232197890102974,100157
62430,0.061897116738664465,0.8692590762250454,100157
62431,0.09059457036644956,0.04959732064195665,100157
62482,0.026472258535421928,0.37176612114659774,100157
62523,-0.07980231607430568,-1.120712744088745,100157
62578,-0.05252977991496192,-0.061502754593939696,100157
62623,0.20359654955163461,2.8592308965388358,100157
62700,-0.6005582588615536,0.04569641563027942,100157
62730,-0.008952599667820608,-0.12572683393184983,100157
62800,-0.008952599667820608,-0.12572683393184983,100157
62812,0.39376022057708343,-0.029961174345133644,100157
62823,-0.07444355877314882,-0.08715977743931916,100157
62848,-0.05371915561952019,-0.6562555628405724,100157
62891,-1.097717498580872,0.08352521061798596,100157
62929,-0.11522717427754822,-1.6182056991671927,100157
62937,-0.04437745787106315,-0.6232197890102974,100157
62954,1.3880787000157204,-0.10561876432054672,100157
62984,-0.008487080314730788,-0.004646376068467225,100157
62987,0.013211556659598774,0.015468313942198669,100157
63031,-0.041514297208457576,-0.022727608305275183,100157
63072,-0.05252977991496192,-0.061502754593939696,100157
63127,0.8909194602964019,-0.06778996933284018,100157
63153,-0.10339901914223507,0.00786762064257289,100157
63190,0.16817169134839208,2.361737941460388,100157
63198,0.09059457036644956,0.04959732064195665,100157
63219,-0.041514297208457576,-0.022727608305275183,100157
63249,-0.030616001056775023,-0.03584573174856024,100157
63298,0.09059457036644956,0.04959732064195665,100157
63377,-0.001542261192680195,-0.0054540184579412645,100157
63442,-0.10339901914223507,0.00786762064257289,100157
63459,-0.1477764770132982,-0.6153521683677246,100157
63552,-0.008487080314730788,-0.004646376068467225,100157
63574,-0.041514297208457576,-0.022727608305275183,100157
63605,-0.04437745787106315,-0.6232197890102974,100157
63675,-0.008487080314730788,-0.004646376068467225,100157
63682,0.024540136578995998,0.013434856168340734,100157
63725,-0.004142073377939144,-0.014647936915385835,100157
63834,-1.097717498580872,0.08352521061798596,100157
63858,-0.06148237958278253,-0.18722958852578953,100157
63874,-0.041514297208457576,-0.022727608305275183,100157
63902,0.061897116738664465,0.8692590762250454,100157
64059,0.026472258535421928,0.37176612114659774,100157
64063,-0.10756873099591115,-0.0588900727788911,100157
64111,-0.10339901914223507,0.00786762064257289,100157
64154,-0.11522717427754822,-1.6182056991671927,100157
64188,-0.11522717427754822,-1.6182056991671927,100157
64369,-0.10339901914223507,0.00786762064257289,100157
64430,-0.008952599667820608,-0.12572683393184983,100157
64557,-0.15592879905719698,-0.053635133951366806,100157
64612,-0.041514297208457576,-0.022727608305275183,100157
64635,0.8909194602964019,-0.06778996933284018,100157
64706,-0.041514297208457576,-0.022727608305275183,100157
64787,-0.07980231607430568,-1.120712744088745,100157
64802,-0.07454151410218436,-0.04080884054208314,100157
64807,0.05756735347272278,0.03151608840514869,100157
64843,-0.9939113715548237,0.14859084520214128,100157
64857,0.01145679973361455,0.04051557382928159,100157
64989,-0.6005582588615536,0.04569641563027942,100157
65010,-0.6005582588615536,0.04569641563027942,100157
65201,-0.6005582588615536,0.04569641563027942,100157
65219,-0.04437745787106315,-0.6232197890102974,100157
65253,-0.001542261192680195,-0.0054540184579412645,100157
65297,-0.041514297208457576,-0.022727608305275183,100157
65304,-0.041514297208457576,-0.022727608305275183,100157
65323,0.037929058269036475,0.41228169497587935,100157
65375,-0.10339901914223507,0.00786762064257289,100157
65387,-0.08589175507952072,-0.6459473973155726,100157
65393,-0.6005582588615536,0.04569641563027942,100157
65395,2.8795564191736758,-0.2191051492836663,100157
65409,0.0010575509925787538,0.0037398999995033057,100157
65454,-1.097717498580872,0.08352521061798596,100157
65459,2.9365955335496485,-0.15232278965070875,100157
65469,-0.12130303875532725,-1.6406165747474122,100157
65529,0.29095214229892535,2.505491369629484,100157
65542,-0.6021005200542338,0.04024239717233816,100157
65546,0.024540136578995998,0.013434856168340734,100157
65564,0.05756735347272278,0.03151608840514869,100157
65592,-0.10339901914223507,0.00786762064257289,100157
65670,0.026472258535421928,0.37176612114659774,100157
65694,0.024540136578995998,0.013434856168340734,100157
65758,-0.04437745787106315,-0.6232197890102974,100157
65765,-0.008952599667820608,-0.12572683393184983,100157
65790,-0.04437745787106315,-0.6232197890102974,100157
65999,-0.015042038673035647,0.3490385128413226,100157
66023,0.01558753691117539,-0.1122919777635091,100157
66055,-0.10339901914223507,0.00786762064257289,100157
66143,-0.07454151410218436,-0.04080884054208314,100157
66179,0.026472258535421928,0.37176612114659774,100157
66317,-0.10339901914223507,0.00786762064257289,100157
66341,0.024540136578995998,0.013434856168340734,100157
66348,0.8909194602964019,-0.06778996933284018,100157
66391,-0.6005582588615536,0.04569641563027942,100157
66470,-0.008702222198588124,-0.010188708903180787,100157
66499,0.013211556659598774,0.015468313942198669,100157
66517,-0.041514297208457576,-0.022727608305275183,100157
66527,-0.07980231607430568,-1.120712744088745,100157
66533,0.055807677733449426,1.3440244229982177,100157
66576,0.09317990156396785,1.352104094388107,100157
66617,0.11706682890187149,0.4213634417885544,100157
66731,0.024540136578995998,0.013434856168340734,100157
66741,-0.10339901914223507,0.00786762064257289,100157
66810,-0.09068703769855223,-1.6047708429988519,100157
66837,0.006257175363096651,0.022127736914392446,100157
66898,-0.017189302513318912,-0.01483508497164801,100157
66932,-0.008702222198588124,-0.010188708903180787,100157
66938,-0.013094673045759751,-0.14037477084723565,100157
66965,-0.004142073377939144,-0.014647936915385835,100157
67022,-0.041514297208457576,-0.022727608305275183,100157
67047,0.024540136578995998,0.013434856168340734,100157
67053,0.8159260013685637,-0.7268554900916978,100157
67118,-0.11522717427754822,-1.6182056991671927,100157
67149,-0.001542261192680195,-0.0054540184579412645,100157
67252,-0.001542261192680195,-0.0054540184579412645,100157
67303,-0.10339901914223507,0.00786762064257289,100157
67346,1.5888937047707827,1.367007505629624,100157
67386,-0.041514297208457576,-0.022727608305275183,100157
67387,-0.6005582588615536,0.04569641563027942,100157
67415,-0.11522717427754822,-1.6182056991671927,100157
67443,0.024540136578995998,0.013434856168340734,100157
67477,0.20359654955163461,2.8592308965388358,100157
67479,3.3767156588929943,-0.25693394427137284,100157
67493,-0.004142073377939144,-0.014647936915385835,100157
67525,-0.10339901914223507,0.00786762064257289,100157
67527,0.035125335517785676,0.041125336787578126,100157
67531,-0.07454151410218436,-0.04080884054208314,100157
67532,0.097321974941907,1.3667520313034929,100157
67537,0.014056611918873498,0.04970949228672616,100157
67552,0.097321974941907,1.3667520313034929,100157
67569,-0.04437745787106315,-0.6232197890102974,100157
67714,-1.097717498580872,0.08352521061798596,100157
67717,0.024540136578995998,0.013434856168340734,100157
67996,0.09059457036644956,0.04959732064195665,100157
68026,0.024540136578995998,0.013434856168340734,100157
68060,3.3767156588929943,-0.25693394427137284,100157
68063,0.9260447958141875,-0.02666463254526205,100157
68084,0.013211556659598774,0.015468313942198669,100157
68132,0.013211556659598774,0.015468313942198669,100157
68192,-0.10339901914223507,0.00786762064257289,100157
68214,0.39376022057708343,-0.029961174345133644,100157
68341,-0.07980231607430568,-1.120712744088745,100157
68342,-0.05252977991496192,-0.061502754593939696,100157
68358,0.06477267220615701,2.369605562102961,100157
68558,-0.004142073377939144,-0.014647936915385835,100157
68638,-0.008487080314730788,-0.004646376068467225,100157
68710,0.057039114375972574,0.06678235963295757,100157
68717,0.026472258535421928,0.37176612114659774,100157
68728,-0.04437745787106315,-0.6232197890102974,100157
68779,-0.07444355877314882,-0.08715977743931916,100157
68796,-0.7157854331391017,-1.5725092835369132,100157
68823,-0.030616001056775023,-0.03584573174856024,100157
68843,-0.008702222198588124,-0.010188708903180787,100157
68932,0.097321974941907,1.3667520313034929,100157
68969,-0.10339901914223507,0.00786762064257289,100157
69049,0.061897116738664465,0.8692590762250454,100157
69050,-1.097717498580872,0.08352521061798596,100157
69145,-0.001542261192680195,-0.0054540184579412645,100157
69176,0.035125335517785676,0.041125336787578126,100157
69224,-0.11522717427754822,-1.6182056991671927,100157
69236,0.024540136578995998,0.013434856168340734,100157
69261,0.026472258535421928,0.37176612114659774,100157
69282,1.8852379397350387,-0.14344755930825326,100157
69309,-0.05252977991496192,-0.061502754593939696,100157
69378,-0.10339901914223507,0.00786762064257289,100157
69384,-0.6005582588615536,0.04569641563027942,100157
69426,-0.10339901914223507,0.00786762064257289,100157
69484,0.024540136578995998,0.013434856168340734,100157
69494,-1.097717498580872,0.08352521061798596,100157
69502,-0.041514297208457576,-0.022727608305275183,100157
69596,-1.097717498580872,0.08352521061798596,100157
69610,-0.006741885563198093,-0.023841855372830408,100157
69634,-0.008487080314730788,-0.004646376068467225,100157
69645,0.07676948734819641,0.4147066254067249,100157
69662,-0.04437745787106315,-0.6232197890102974,100157
69666,-1.097717498580872,0.08352521061798596,100157
69678,-0.10339901914223507,0.00786762064257289,100157
69683,0.026472258535421928,0.37176612114659774,100157
69699,0.12278045095053326,0.14375342816909595,100157
69702,-0.04437745787106315,-0.6232197890102974,100157
69717,-0.041514297208457576,-0.022727608305275183,100157
69762,0.39376022057708343,-0.029961174345133644,100157
69793,0.46453913070940495,0.017023228002213717,100157
69820,0.026472258535421928,0.37176612114659774,100157
69821,-0.041514297208457576,-0.022727608305275183,100157
69843,-0.041514297208457576,-0.022727608305275183,100157
69900,0.15664900415390315,0.08575978511557257,100157
69941,-0.04437745787106315,-0.6232197890102974,100157
70046,0.0010575509925787538,0.0037398999995033057,100157
70073,-0.10339901914223507,0.00786762064257289,100157
70174,-0.008952599667820608,-0.12572683393184983,100157
70282,-0.07980231607430568,-1.120712744088745,100157
70305,-0.10339901914223507,0.00786762064257289,100157
70331,-0.10756873099591115,-0.0588900727788911,100157
70383,-0.008952599667820608,-0.12572683393184983,100157
70444,-0.041514297208457576,-0.022727608305275183,100157
70501,-0.11522717427754822,-1.6182056991671927,100157
70509,0.024540136578995998,0.013434856168340734,100157
70531,-0.041514297208457576,-0.022727608305275183,100157
70544,1.0723027083043928,2.3094162860697467,100157
70576,0.03098326213984653,0.02647739987219229,100157
70591,-1.097717498580872,0.08352521061798596,100157
70593,-1.097717498580872,0.08352521061798596,100157
70608,0.014056611918873498,0.04970949228672616,100157
70615,-0.6005582588615536,0.04569641563027942,100157
70731,-0.6005582588615536,0.04569641563027942,100157
70752,-0.10339901914223507,0.00786762064257289,100157
70763,-1.097717498580872,0.08352521061798596,100157
70767,0.024540136578995998,0.013434856168340734,100157
70787,-0.008487080314730788,-0.004646376068467225,100157
70871,0.024540136578995998,0.013434856168340734,100157
70883,0.3139579045027777,-1.1506739184338786,100157
70936,0.05756735347272278,0.03151608840514869,100157
70940,0.097321974941907,1.3667520313034929,100157
70962,-0.046359904766262484,0.07464998027553046,100157
70992,-0.6005582588615536,0.04569641563027942,100157
71007,3.3767156588929943,-0.25693394427137284,100157
71010,-0.008702222198588124,-0.010188708903180787,100157
71051,-0.041514297208457576,-0.022727608305275183,100157
71138,0.13274683314514954,1.8642449863819406,100157
71250,-0.10339901914223507,0.00786762064257289,100157
71255,-0.11522717427754822,-1.6182056991671927,100157
71315,-0.008702222198588124,-0.010188708903180787,100157
71408,0.024540136578995998,0.013434856168340734,100157
71409,-0.004142073377939144,-0.014647936915385835,100157
71432,-0.10339901914223507,0.00786762064257289,100157
71556,-0.008487080314730788,-0.004646376068467225,100157
71592,-1.097717498580872,0.08352521061798596,100157
71612,0.09059457036644956,0.04959732064195665,100157
71629,-0.10339901914223507,0.00786762064257289,100157
71790,-0.6005582588615536,0.04569641563027942,100157
71825,-0.07499345892783817,-0.6590655207588576,100157
71826,-0.00934169774845704,-0.03303577383027498,100157
71844,0.035125335517785676,0.041125336787578126,100157
71901,-0.05252977991496192,-0.061502754593939696,100157
71928,-0.041514297208457576,-0.022727608305275183,100157
71975,-0.07188918704905227,0.3496470756003796,100157
72008,-0.10756873099591115,-0.0588900727788911,100157
72027,-0.6005582588615536,0.04569641563027942,100157
72073,0.10086667209234637,0.11809640532371649,100157
72158,1.8852379397350387,-0.14344755930825326,100157
72202,-0.004142073377939144,-0.014647936915385835,100157
72229,-0.030616001056775023,-0.03584573174856024,100157
72276,0.0036573631778377027,0.012933818456947877,100157
72420,0.024540136578995998,0.013434856168340734,100157
72428,-0.030616001056775023,-0.03584573174856024,100157
72496,-0.04437745787106315,-0.6232197890102974,100157
72515,-0.05252977991496192,-0.061502754593939696,100157
72558,0.39376022057708343,-0.029961174345133644,100157
72634,-0.10339901914223507,0.00786762064257289,100157
72644,-0.04437745787106315,-0.6232197890102974,100157
72668,-1.097717498580872,0.08352521061798596,100157
72677,0.8909194602964019,-0.06778996933284018,100157
72766,-0.008702222198588124,-0.010188708903180787,100157
72774,-0.001542261192680195,-0.0054540184579412645,100157
72783,-0.008952599667820608,-0.12572683393184983,100157
72838,0.09059457036644956,0.04959732064195665,100157
72840,-0.10339901914223507,0.00786762064257289,100157
72851,-0.10339901914223507,0.00786762064257289,100157
72905,-0.10339901914223507,0.00786762064257289,100157
72929,-0.041514297208457576,-0.022727608305275183,100157
72983,-0.6504616810557063,-0.028028505640698996,100157
72990,-0.008952599667820608,-0.12572683393184983,100157
73074,-0.041514297208457576,-0.022727608305275183,100157
73096,-0.10339901914223507,0.00786762064257289,100157
73124,0.026472258535421928,0.37176612114659774,100157
73147,-0.008952599667820608,-0.12572683393184983,100157
73220,-0.008487080314730788,-0.004646376068467225,100157
73229,0.09059457036644956,0.04959732064195665,100157
73246,-0.041514297208457576,-0.022727608305275183,100157
73247,0.057039114375972574,0.06678235963295757,100157
73268,0.024540136578995998,0.013434856168340734,100157
73308,-0.10339901914223507,0.00786762064257289,100157
73418,-0.008702222198588124,-0.010188708903180787,100157
73472,0.09059457036644956,0.04959732064195665,100157
73498,0.39376022057708343,-0.029961174345133644,100157
73577,0.013211556659598774,0.015468313942198669,100157
73581,-0.10756873099591115,-0.0588900727788911,100157
73590,0.39376022057708343,-0.029961174345133644,100157
73609,-1.097717498580872,0.08352521061798596,100157
73611,-0.11188609945696584,0.0032212445741056648,100157
73635,0.01145679973361455,0.04051557382928159,100157
73778,-0.11522717427754822,-1.6182056991671927,100157
73848,0.8909194602964019,-0.06778996933284018,100157
73853,0.024540136578995998,0.013434856168340734,100157
73882,-0.008952599667820608,-0.12572683393184983,100157
73941,-0.041514297208457576,-0.022727608305275183,100157
73945,0.097321974941907,1.3667520313034929,100157
73948,-0.030616001056775023,-0.03584573174856024,100157
74017,0.39376022057708343,-0.029961174345133644,100157
74019,-0.6005582588615536,0.04569641563027942,100157
74028,-0.10339901914223507,0.00786762064257289,100157
74113,0.01145679973361455,0.04051557382928159,100157
74124,-0.10339901914223507,0.00786762064257289,100157
74134,0.09059457036644956,0.04959732064195665,100157
74142,0.1492527094859552,0.5155195493156937,100157
74258,0.024540136578995998,0.013434856168340734,100157
74275,-0.6005582588615536,0.04569641563027942,100157
74283,0.16817169134839208,2.361737941460388,100157
74289,0.01145679973361455,0.04051557382928159,100157
74303,-0.10339901914223507,0.00786762064257289,100157
74322,0.061897116738664465,0.8692590762250454,100157
74333,-0.041514297208457576,-0.022727608305275183,100157
74336,-0.006741885563198093,-0.023841855372830408,100157
74356,-0.008487080314730788,-0.004646376068467225,100157
74384,-1.097717498580872,0.08352521061798596,100157
74403,-0.008952599667820608,-0.12572683393184983,100157
74407,-0.008487080314730788,-0.004646376068467225,100157
74428,-0.10339901914223507,0.00786762064257289,100157
74483,0.39376022057708343,-0.029961174345133644,100157
74680,-1.097717498580872,0.08352521061798596,100157
74735,-0.11522717427754822,-1.6182056991671927,100157
74758,-0.07980231607430568,-1.120712744088745,100157
74822,-0.006741885563198093,-0.023841855372830408,100157
74937,-0.10339901914223507,0.00786762064257289,100157
74966,0.0036573631778377027,0.012933818456947877,100157
74969,-0.008487080314730788,-0.004646376068467225,100157
74994,-0.041514297208457576,-0.022727608305275183,100157
75026,-0.10339901914223507,0.00786762064257289,100157
75127,0.026472258535421928,0.37176612114659774,100157
75153,0.024540136578995998,0.013434856168340734,100157
75244,-0.10339901914223507,0.00786762064257289,100157
75263,0.15664900415390315,0.08575978511557257,100157
75357,-0.030616001056775023,-0.03584573174856024,100157
75448,0.05756735347272278,0.03151608840514869,100157
75469,-0.09073736263732564,-0.548569808734767,100157
75540,0.024540136578995998,0.013434856168340734,100157
75541,0.024540136578995998,0.013434856168340734,100157
75678,-0.030616001056775023,-0.03584573174856024,100157
75683,-0.07444355877314882,-0.08715977743931916,100157
75727,0.026472258535421928,0.37176612114659774,100157
75779,1.3880787000157204,-0.10561876432054672,100157
75827,-0.11522717427754822,-1.6182056991671927,100157
75843,0.0088569875483556,0.031321655371837016,100157
75903,-0.07980231607430568,-1.120712744088745,100157
75941,0.05756735347272278,0.03151608840514869,100157
75971,-0.6005582588615536,0.04569641563027942,100157
75972,0.024540136578995998,0.013434856168340734,100157
76008,-0.030616001056775023,-0.03584573174856024,100157
76112,-0.030616001056775023,-0.03584573174856024,100157
76156,0.024540136578995998,0.013434856168340734,100157
76213,-0.041514297208457576,-0.022727608305275183,100157
76277,-0.11522717427754822,-1.6182056991671927,100157
76292,0.8909194602964019,-0.06778996933284018,100157
76293,-0.004142073377939144,-0.014647936915385835,100157
76299,0.07895289323415947,0.09243938247833704,100157
76300,0.024540136578995998,0.013434856168340734,100157
76307,0.0088569875483556,0.031321655371837016,100157
76343,0.8909194602964019,-0.06778996933284018,100157
76352,0.026472258535421928,0.37176612114659774,100157
76435,0.057039114375972574,0.06678235963295757,100157
76437,0.8909194602964019,-0.06778996933284018,100157
76465,-0.041514297208457576,-0.022727608305275183,100157
76486,0.097321974941907,1.3667520313034929,100157
76487,-0.041514297208457576,-0.022727608305275183,100157
76492,0.035125335517785676,0.041125336787578126,100157
76494,-0.10339901914223507,0.00786762064257289,100157
76522,0.09059457036644956,0.04959732064195665,100157
76595,0.024540136578995998,0.013434856168340734,100157
76627,0.15664900415390315,0.08575978511557257,100157
76630,-0.10339901914223507,0.00786762064257289,100157
76737,0.024540136578995998,0.013434856168340734,100157
76847,0.15664900415390315,0.08575978511557257,100157
76862,1.3880787000157204,-0.10561876432054672,100157
76874,-0.6005582588615536,0.04569641563027942,100157
76908,-0.041514297208457576,-0.022727608305275183,100157
76948,-0.05252977991496192,-0.061502754593939696,100157
76972,0.39376022057708343,-0.029961174345133644,100157
76977,-0.6005582588615536,0.04569641563027942,100157
76997,0.026472258535421928,0.37176612114659774,100157
77002,-0.6005582588615536,0.04569641563027942,100157
77007,-0.10339901914223507,0.00786762064257289,100157
77099,-0.004142073377939144,-0.014647936915385835,100157
77124,-1.097717498580872,0.08352521061798596,100157
77129,0.39376022057708343,-0.029961174345133644,100157
77132,0.34938276270602026,-0.6531809633554311,100157
77156,1.9203632752528246,-0.10232222252067512,100157
77159,-0.008702222198588124,-0.010188708903180787,100157
77166,0.024540136578995998,0.013434856168340734,100157
77197,-0.008487080314730788,-0.004646376068467225,100157
77247,0.12278045095053326,0.14375342816909595,100157
77297,0.026472258535421928,0.37176612114659774,100157
77305,-0.001542261192680195,-0.0054540184579412645,100157
77372,0.024540136578995998,0.013434856168340734,100157
77385,-0.10339901914223507,0.00786762064257289,100157
77460,3.3767156588929943,-0.25693394427137284,100157
77496,-1.097717498580872,0.08352521061798596,100157
77560,-0.008487080314730788,-0.004646376068467225,100157
77589,0.13274683314514954,1.8642449863819406,100157
77599,-1.097717498580872,0.08352521061798596,100157
77696,-0.04437745787106315,-0.6232197890102974,100157
77753,-0.10339901914223507,0.00786762064257289,100157
77816,-0.030616001056775023,-0.03584573174856024,100157
77871,0.0088569875483556,0.031321655371837016,100157
77884,0.013211556659598774,0.015468313942198669,100157
77959,-0.030616001056775023,-0.03584573174856024,100157
77981,-0.04437745787106315,-0.6232197890102974,100157
77999,-0.008702222198588124,-0.010188708903180787,100157
78000,0.09059457036644956,0.04959732064195665,100157
78055,0.024540136578995998,0.013434856168340734,100157
78065,-0.6005582588615536,0.04569641563027942,100157
78077,-0.10339901914223507,0.00786762064257289,100157
78104,-0.008487080314730788,-0.004646376068467225,100157
78137,-0.6005582588615536,0.04569641563027942,100157
78173,-0.6311742599183285,0.009850683881719183,100157
78180,-0.041514297208457576,-0.022727608305275183,100157
78208,-0.05252977991496192,-0.061502754593939696,100157
78273,-0.030616001056775023,-0.03584573174856024,100157
78392,0.024540136578995998,0.013434856168340734,100157
78462,-0.6005582588615536,0.04569641563027942,100157
78464,-0.041514297208457576,-0.022727608305275183,100157
78483,0.0036573631778377027,0.012933818456947877,100157
78523,-1.097717498580872,0.08352521061798596,100157
78524,-0.008702222198588124,-0.010188708903180787,100157
78572,-0.008702222198588124,-0.010188708903180787,100157
78602,-0.041514297208457576,-0.022727608305275183,100157
78681,0.026472258535421928,0.37176612114659774,100157
78718,-0.041514297208457576,-0.022727608305275183,100157
78773,0.024540136578995998,0.013434856168340734,100157
78809,0.09059457036644956,0.04959732064195665,100157
78810,0.024540136578995998,0.013434856168340734,100157
78842,0.39376022057708343,-0.029961174345133644,100157
78845,-0.07980231607430568,-1.120712744088745,100157
78956,0.024540136578995998,0.013434856168340734,100157
78981,-0.004142073377939144,-0.014647936915385835,100157
78987,-0.10756873099591115,-0.0588900727788911,100157
79003,-0.041514297208457576,-0.022727608305275183,100157
79011,-0.04437745787106315,-0.6232197890102974,100157
79025,-0.041514297208457576,-0.022727608305275183,100157
79071,0.05756735347272278,0.03151608840514869,100157
79132,-0.041514297208457576,-0.022727608305275183,100157
79159,-0.10339901914223507,0.00786762064257289,100157
79161,0.024540136578995998,0.013434856168340734,100157
79244,0.0010575509925787538,0.0037398999995033057,100157
79317,0.05756735347272278,0.03151608840514869,100157
79333,-0.008952599667820608,-0.12572683393184983,100157
79336,-0.6005582588615536,0.04569641563027942,100157
79357,-0.4410887897117496,2.3972456481874866,100157
79366,0.39376022057708343,-0.029961174345133644,100157
79393,-0.10339901914223507,0.00786762064257289,100157
79437,-0.008952599667820608,-0.12572683393184983,100157
79455,0.0010575509925787538,0.0037398999995033057,100157
79460,-0.008702222198588124,-0.010188708903180787,100157
79520,-0.04437745787106315,-0.6232197890102974,100157
79531,0.024540136578995998,0.013434856168340734,100157
79574,-0.041514297208457576,-0.022727608305275183,100157
79627,0.01145679973361455,0.04051557382928159,100157
79631,-0.10339901914223507,0.00786762064257289,100157
79700,1.3880787000157204,-0.10561876432054672,100157
79703,-0.030616001056775023,-0.03584573174856024,100157
79706,-1.097717498580872,0.08352521061798596,100157
79713,-0.6090453391762843,0.0410500395618122,100157
79780,-0.10339901914223507,0.00786762064257289,100157
79836,-0.08850453827289381,-1.1309014529919257,100157
79902,-0.6005582588615536,0.04569641563027942,100157
80061,-0.041514297208457576,-0.022727608305275183,100157
80092,0.026472258535421928,0.37176612114659774,100157
80099,0.024540136578995998,0.013434856168340734,100157
80127,0.0010575509925787538,0.0037398999995033057,100157
80207,0.0010575509925787538,0.0037398999995033057,100157
80269,-0.10339901914223507,0.00786762064257289,100157
80276,-0.04437745787106315,-0.6232197890102974,100157
80343,-0.10339901914223507,0.00786762064257289,100157
80391,-0.07499345892783817,-0.6590655207588576,100157
80427,0.05756735347272278,0.03151608840514869,100157
80509,0.9484868137691247,-0.03627388092769149,100157
80568,0.024540136578995998,0.013434856168340734,100157
80620,0.026472258535421928,0.37176612114659774,100157
80668,0.22573904482111487,2.393254029865537,100157
80677,-0.6005582588615536,0.04569641563027942,100157
80760,-0.6005582588615536,0.04569641563027942,100157
80789,-0.04851953124900229,-0.6378677259256832,100157
80795,-0.10339901914223507,0.00786762064257289,100157
80824,-0.04437745787106315,-0.6232197890102974,100157
80826,-0.10339901914223507,0.00786762064257289,100157
80844,-0.017439679982551397,-0.13037321000031707,100157
80853,0.026472258535421928,0.37176612114659774,100157
80909,-0.041514297208457576,-0.022727608305275183,100157
80911,0.09059457036644956,0.04959732064195665,100157
80920,0.09059457036644956,0.04959732064195665,100157
80949,-0.04437745787106315,-0.6232197890102974,100157
80954,0.05756735347272278,0.03151608840514869,100157
80989,-0.10339901914223507,0.00786762064257289,100157
81000,0.014056611918873498,0.04970949228672616,100157
81018,0.39376022057708343,-0.029961174345133644,100157
81062,-0.11522717427754822,-1.6182056991671927,100157
81093,0.024540136578995998,0.013434856168340734,100157
81100,-0.11522717427754822,-1.6182056991671927,100157
81120,0.035125335517785676,0.041125336787578126,100157
81197,-0.10339901914223507,0.00786762064257289,100157
81200,0.024540136578995998,0.013434856168340734,100157
81212,0.061897116738664465,0.8692590762250454,100157
81256,-0.10756873099591115,-0.0588900727788911,100157
81264,0.09059457036644956,0.04959732064195665,100157
81267,0.057039114375972574,0.06678235963295757,100157
81314,-0.10339901914223507,0.00786762064257289,100157
81338,-0.052022129077072515,-0.6296685979139749,100157
81343,-0.07980231607430568,-1.120712744088745,100157
81380,-0.04437745787106315,-0.6232197890102974,100157
81404,-0.041514297208457576,-0.022727608305275183,100157
81493,0.39376022057708343,-0.029961174345133644,100157
81510,0.057039114375972574,0.06678235963295757,100157
81518,-0.041514297208457576,-0.022727608305275183,100157
81552,0.8909194602964019,-0.06778996933284018,100157
81564,-0.008487080314730788,-0.004646376068467225,100157
81565,-0.6005582588615536,0.04569641563027942,100157
81663,0.035125335517785676,0.041125336787578126,100157
81701,-0.6005582588615536,0.04569641563027942,100157
81718,0.035125335517785676,0.041125336787578126,100157
81723,-0.041514297208457576,-0.022727608305275183,100157
81739,0.024540136578995998,0.013434856168340734,100157
81740,0.05756735347272278,0.03151608840514869,100157
81759,0.024540136578995998,0.013434856168340734,100157
81786,-0.041514297208457576,-0.022727608305275183,100157
81811,-0.004142073377939144,-0.014647936915385835,100157
81894,-0.004142073377939144,-0.014647936915385835,100157
82015,0.024540136578995998,0.013434856168340734,100157
82034,-0.008952599667820608,-0.12572683393184983,100157
82082,-0.041514297208457576,-0.022727608305275183,100157
82101,-1.097717498580872,0.08352521061798596,100157
82132,0.006257175363096651,0.022127736914392446,100157
82134,0.022330185157482783,0.3571181842312119,100157
82202,0.006257175363096651,0.022127736914392446,100157
82211,-0.13401502019901007,-0.02797811110598735,100157
82294,-0.6005582588615536,0.04569641563027942,100157
82362,0.026472258535421928,0.37176612114659774,100157
82376,-0.04437745787106315,-0.6232197890102974,100157
82389,0.0036573631778377027,0.012933818456947877,100157
82418,-1.1392317957893296,0.06079760231271077,100157
82421,-0.001542261192680195,-0.0054540184579412645,100157
82435,0.097321974941907,1.3667520313034929,100157
82526,-1.097717498580872,0.08352521061798596,100157
82578,-0.008487080314730788,-0.004646376068467225,100157
82622,-0.001542261192680195,-0.0054540184579412645,100157
82627,-0.041514297208457576,-0.022727608305275183,100157
82658,-0.10756873099591115,-0.0588900727788911,100157
82660,0.39376022057708343,-0.029961174345133644,100157
82688,0.061897116738664465,0.8692590762250454,100157
82694,1.3880787000157204,-0.10561876432054672,100157
82788,0.061897116738664465,0.8692590762250454,100157
82806,-0.11522717427754822,-1.6182056991671927,100157
82811,0.006257175363096651,0.022127736914392446,100157
82860,-0.008952599667820608,-0.12572683393184983,100157
82908,-0.041514297208457576,-0.022727608305275183,100157
82927,-0.004142073377939144,-0.014647936915385835,100157
82968,-0.10339901914223507,0.00786762064257289,100157
83090,0.18791654530835658,1.4163493519454495,100157
83260,0.097321974941907,1.3667520313034929,100157
83275,-0.6005582588615536,0.04569641563027942,100157
83305,-0.6005582588615536,0.04569641563027942,100157
83322,-0.04437745787106315,-0.6232197890102974,100157
83331,0.4579841723511001,0.3707081169120035,100157
83382,-0.6005582588615536,0.04569641563027942,100157
83507,-0.10339901914223507,0.00786762064257289,100157
83528,0.024540136578995998,0.013434856168340734,100157
83542,0.097321974941907,1.3667520313034929,100157
83555,0.09059457036644956,0.04959732064195665,100157
83723,-0.04437745787106315,-0.6232197890102974,100157
83725,-0.6005582588615536,0.04569641563027942,100157
83729,-0.10339901914223507,0.00786762064257289,100157
83764,0.026472258535421928,0.37176612114659774,100157
83823,-1.0914603232177753,0.1056529475323784,100157
83826,0.0010575509925787538,0.0037398999995033057,100157
83949,1.3880787000157204,-0.10561876432054672,100157
83968,-0.006741885563198093,-0.023841855372830408,100157
84031,-0.041514297208457576,-0.022727608305275183,100157
84151,0.8909194602964019,-0.06778996933284018,100157
84161,0.0010575509925787538,0.0037398999995033057,100157
84220,0.024540136578995998,0.013434856168340734,100157
84222,0.09059457036644956,0.04959732064195665,100157
84241,0.39376022057708343,-0.029961174345133644,100157
84254,-0.6005582588615536,0.04569641563027942,100157
84312,0.024540136578995998,0.013434856168340734,100157
84325,-0.10756873099591115,-0.0588900727788911,100157
84390,0.0010575509925787538,0.0037398999995033057,100157
84410,-0.10339901914223507,0.00786762064257289,100157
84436,-0.10339901914223507,0.00786762064257289,100157
84441,0.10972365964070196,0.1494180606955535,100157
84476,0.013211556659598774,0.015468313942198669,100157
84558,-0.008952599667820608,-0.12572683393184983,100157
84610,-0.10339901914223507,0.00786762064257289,100157
84625,-0.030616001056775023,-0.03584573174856024,100157
84738,1.3880787000157204,-0.10561876432054672,100157
84792,-0.10339901914223507,0.00786762064257289,100157
84802,0.0036573631778377027,0.012933818456947877,100157
84806,-0.6005582588615536,0.04569641563027942,100157
84827,-0.07444355877314882,-0.08715977743931916,100157
84873,1.8852379397350387,-0.14344755930825326,100157
84903,-0.030616001056775023,-0.03584573174856024,100157
84904,-0.041514297208457576,-0.022727608305275183,100157
84916,0.09059457036644956,0.04959732064195665,100157
84971,-0.030616001056775023,-0.03584573174856024,100157
84975,-0.6005582588615536,0.04569641563027942,100157
85034,0.013211556659598774,0.015468313942198669,100157
85053,0.035125335517785676,0.041125336787578126,100157
85085,-1.097717498580872,0.08352521061798596,100157
85108,-0.11522717427754822,-1.6182056991671927,100157
85147,-0.04437745787106315,-0.6232197890102974,100157
85244,0.024540136578995998,0.013434856168340734,100157
85303,0.061897116738664465,0.8692590762250454,100157
85389,0.024540136578995998,0.013434856168340734,100157
85402,-0.10339901914223507,0.00786762064257289,100157
85403,-0.041514297208457576,-0.022727608305275183,100157
85420,-1.097717498580872,0.08352521061798596,100157
85447,-0.11522717427754822,-1.6182056991671927,100157
85554,-0.030616001056775023,-0.03584573174856024,100157
85558,-0.10339901914223507,0.00786762064257289,100157
85654,-0.008952599667820608,-0.12572683393184983,100157
85722,-0.11522717427754822,-1.6182056991671927,100157
85782,0.16817169134839208,2.361737941460388,100157
85812,-1.097717498580872,0.08352521061798596,100157
85851,0.057039114375972574,0.06678235963295757,100157
85877,-0.008952599667820608,-0.12572683393184983,100157
85893,-0.03956860072459563,-0.16157256568041006,100157
85920,-0.008487080314730788,-0.004646376068467225,100157
85995,-0.041514297208457576,-0.022727608305275183,100157
86091,0.39376022057708343,-0.029961174345133644,100157
86169,-0.07980231607430568,-1.120712744088745,100157
86176,0.39376022057708343,-0.029961174345133644,100157
86206,-0.10339901914223507,0.00786762064257289,100157
86214,-0.008487080314730788,-0.004646376068467225,100157
86260,-0.10339901914223507,0.00786762064257289,100157
86274,-0.11522717427754822,-1.6182056991671927,100157
86305,-0.008702222198588124,-0.010188708903180787,100157
86388,-0.07444355877314882,-0.08715977743931916,100157
86456,-0.041514297208457576,-0.022727608305275183,100157
86529,0.10086667209234637,0.11809640532371649,100157
86550,-1.097717498580872,0.08352521061798596,100157
86630,-1.1392317957893296,0.06079760231271077,100157
86720,0.024540136578995998,0.013434856168340734,100157
86729,0.05756735347272278,0.03151608840514869,100157
86736,1.3880787000157204,-0.10561876432054672,100157
86754,-0.04437745787106315,-0.6232197890102974,100157
86785,0.057039114375972574,0.06678235963295757,100157
86870,-0.6005582588615536,0.04569641563027942,100157
86883,-0.04437745787106315,-0.6232197890102974,100157
86917,0.0010575509925787538,0.0037398999995033057,100157
86935,0.013211556659598774,0.015468313942198669,100157
87094,-0.008702222198588124,-0.010188708903180787,100157
87115,-1.097717498580872,0.08352521061798596,100157
87214,-0.10339901914223507,0.00786762064257289,100157
87254,-0.10756873099591115,-0.0588900727788911,100157
87287,-0.006741885563198093,-0.023841855372830408,100157
87365,-0.041514297208457576,-0.022727608305275183,100157
87371,0.013211556659598774,0.015468313942198669,100157
87427,-1.097717498580872,0.08352521061798596,100157
87428,0.024540136578995998,0.013434856168340734,100157
87441,-0.10339901914223507,0.00786762064257289,100157
87486,0.16817169134839208,2.361737941460388,100157
87502,-0.13401502019901007,-0.02797811110598735,100157
87561,-0.008702222198588124,-0.010188708903180787,100157
87573,0.01145679973361455,0.04051557382928159,100157
87600,0.024540136578995998,0.013434856168340734,100157
87658,-0.041514297208457576,-0.022727608305275183,100157
87834,-0.05252977991496192,-0.061502754593939696,100157
87866,-0.004142073377939144,-0.014647936915385835,100157
87878,-0.10339901914223507,0.00786762064257289,100157
87938,0.12362178726017635,0.0676785528787646,100157
87968,0.13274683314514954,1.8642449863819406,100157
87970,-0.008952599667820608,-0.12572683393184983,100157
88042,-0.10339901914223507,0.00786762064257289,100157
88049,0.026472258535421928,0.37176612114659774,100157
88126,-1.2052862295767832,0.024635137839094857,100157
88173,0.39376022057708343,-0.029961174345133644,100157
88176,0.024540136578995998,0.013434856168340734,100157
88207,-0.6005582588615536,0.04569641563027942,100157
88228,0.024540136578995998,0.013434856168340734,100157
88266,-1.097717498580872,0.08352521061798596,100157
88267,-0.07980231607430568,-1.120712744088745,100157
88271,0.097321974941907,1.3667520313034929,100157
88300,0.12278045095053326,0.14375342816909595,100157
88312,-0.10339901914223507,0.00786762064257289,100157
88394,0.0088569875483556,0.031321655371837016,100157
88396,0.39376022057708343,-0.029961174345133644,100157
88486,-0.11522717427754822,-1.6182056991671927,100157
88527,-0.041514297208457576,-0.022727608305275183,100157
88549,-0.10756873099591115,-0.0588900727788911,100157
88581,-0.10339901914223507,0.00786762064257289,100157
88596,0.39376022057708343,-0.029961174345133644,100157
88718,0.0036573631778377027,0.012933818456947877,100157
88729,-0.041514297208457576,-0.022727608305275183,100157
88761,-0.10339901914223507,0.00786762064257289,100157
88773,-0.10515751515895938,-0.07665457229064339,100157
88795,-1.097717498580872,0.08352521061798596,100157
88803,0.024540136578995998,0.013434856168340734,100157
88804,2.8795564191736758,-0.2191051492836663,100157
88817,-1.097717498580872,0.08352521061798596,100157
88820,0.024540136578995998,0.013434856168340734,100157
88821,-0.008702222198588124,-0.010188708903180787,100157
88833,-0.007895048675241854,-0.12198693393234653,100157
88836,1.8852379397350387,-0.14344755930825326,100157
88858,0.097321974941907,1.3667520313034929,100157
88904,0.024540136578995998,0.013434856168340734,100157
88956,-0.004142073377939144,-0.014647936915385835,100157
88959,-0.008487080314730788,-0.004646376068467225,100157
89025,-0.001542261192680195,-0.0054540184579412645,100157
89026,-0.001542261192680195,-0.0054540184579412645,100157
89051,-0.10339901914223507,0.00786762064257289,100157
89108,-0.004142073377939144,-0.014647936915385835,100157
89115,-0.10756873099591115,-0.0588900727788911,100157
89125,-0.030616001056775023,-0.03584573174856024,100157
89180,-0.10339901914223507,0.00786762064257289,100157
89227,-1.097717498580872,0.08352521061798596,100157
89242,-0.10339901914223507,0.00786762064257289,100157
89307,2.4304836941625094,-0.24022082859485203,100157
89310,-0.10339901914223507,0.00786762064257289,100157
89331,0.061897116738664465,0.8692590762250454,100157
89339,-0.10756873099591115,-0.0588900727788911,100157
89364,0.19271182792738809,2.375172797628729,100157
89402,0.8734797803138504,-0.19816317933315725,100157
89416,-0.008952599667820608,-0.12572683393184983,100157
89458,0.09059457036644956,0.04959732064195665,100157
89468,-0.041514297208457576,-0.022727608305275183,100157
89472,-0.07980231607430568,-1.120712744088745,100157
89495,0.8909194602964019,-0.06778996933284018,100157
89560,-1.097717498580872,0.08352521061798596,100157
89609,-0.001542261192680195,-0.0054540184579412645,100157
89615,-0.6005582588615536,0.04569641563027942,100157
89627,-0.030616001056775023,-0.03584573174856024,100157
89662,0.024540136578995998,0.013434856168340734,100157
89703,-0.10339901914223507,0.00786762064257289,100157
89843,-0.6005582588615536,0.04569641563027942,100157
89897,-0.10756873099591115,-0.0588900727788911,100157
89924,-0.008702222198588124,-0.010188708903180787,100157
90006,0.39376022057708343,-0.029961174345133644,100157
90013,0.0010575509925787538,0.0037398999995033057,100157
90051,-0.07444355877314882,-0.08715977743931916,100157
90078,-0.14584317533432326,-1.654051430915753,100157
90099,-0.008487080314730788,-0.004646376068467225,100157
90115,0.05756735347272278,0.03151608840514869,100157
90143,-0.04437745787106315,-0.6232197890102974,100157
90242,0.39376022057708343,-0.029961174345133644,100157
90245,0.09059457036644956,0.04959732064195665,100157
90273,0.026472258535421928,0.37176612114659774,100157
90355,0.026472258535421928,0.37176612114659774,100157
90381,0.0033199587564523825,-0.5894732032076149,100157
90451,-0.6005582588615536,0.04569641563027942,100157
90454,-0.6005582588615536,0.04569641563027942,100157
90467,-0.05252977991496192,-0.061502754593939696,100157
90530,-0.11522717427754822,-1.6182056991671927,100157
90542,0.024540136578995998,0.013434856168340734,100157
90552,0.12571990588423523,0.09072265742953477,100157
90583,-0.10339901914223507,0.00786762064257289,100157
90638,-0.008702222198588124,-0.010188708903180787,100157
90739,-1.097717498580872,0.08352521061798596,100157
90816,0.0010575509925787538,0.0037398999995033057,100157
90849,-0.6005582588615536,0.04569641563027942,100157
90861,-0.5760181222825576,0.059131271798620155,100157
90862,-0.001542261192680195,-0.0054540184579412645,100157
90890,-0.04437745787106315,-0.6232197890102974,100157
90919,-0.10756873099591115,-0.0588900727788911,100157
90923,0.024540136578995998,0.013434856168340734,100157
90968,-0.008952599667820608,-0.12572683393184983,100157
91068,0.09059457036644956,0.04959732064195665,100157
91080,-0.6005582588615536,0.04569641563027942,100157
91096,0.026472258535421928,0.37176612114659774,100157
91164,0.061897116738664465,0.8692590762250454,100157
91175,-0.10339901914223507,0.00786762064257289,100157
91193,0.39376022057708343,-0.029961174345133644,100157
91205,0.026472258535421928,0.37176612114659774,100157
91278,0.39376022057708343,-0.029961174345133644,100157
91317,-0.10339901914223507,0.00786762064257289,100157
91329,-0.6005582588615536,0.04569641563027942,100157
91430,1.3880787000157204,-0.10561876432054672,100157
91487,0.006257175363096651,0.022127736914392446,100157
91497,0.09059457036644956,0.04959732064195665,100157
91528,0.07895289323415947,0.09243938247833704,100157
91537,-0.04851953124900229,-0.6378677259256832,100157
91544,-0.10339901914223507,0.00786762064257289,100157
91568,-0.04437745787106315,-0.6232197890102974,100157
91598,0.035125335517785676,0.041125336787578126,100157
91681,-0.6005582588615536,0.04569641563027942,100157
91726,-0.010494860860500803,-0.1311808523897911,100157
91751,0.39376022057708343,-0.029961174345133644,100157
91795,-0.006741885563198093,-0.023841855372830408,100157
91819,1.3880787000157204,-0.10561876432054672,100157
91837,-0.10339901914223507,0.00786762064257289,100157
91867,0.09059457036644956,0.04959732064195665,100157
91890,-0.07980231607430568,-1.120712744088745,100157
91893,1.3880787000157204,-0.10561876432054672,100157
91897,-0.041514297208457576,-0.022727608305275183,100157
91953,-0.07444355877314882,-0.08715977743931916,100157
92011,-0.5760181222825576,0.059131271798620155,100157
92125,0.39376022057708343,-0.029961174345133644,100157
92255,0.026472258535421928,0.37176612114659774,100157
92259,-0.008487080314730788,-0.004646376068467225,100157
92267,0.024540136578995998,0.013434856168340734,100157
92321,-0.008952599667820608,-0.12572683393184983,100157
92344,-0.05252977991496192,-0.061502754593939696,100157
92362,-0.04437745787106315,-0.6232197890102974,100157
92422,-0.6005582588615536,0.04569641563027942,100157
92425,-0.10339901914223507,0.00786762064257289,100157
92518,-0.043319906878484395,-0.6194798890107941,100157
92525,-0.004142073377939144,-0.014647936915385835,100157
92567,0.035125335517785676,0.041125336787578126,100157
92584,0.39376022057708343,-0.029961174345133644,100157
92613,-0.6005582588615536,0.04569641563027942,100157
92617,-0.6005582588615536,0.04569641563027942,100157
92636,-0.001542261192680195,-0.0054540184579412645,100157
92637,-0.10339901914223507,0.00786762064257289,100157
92765,-0.008952599667820608,-0.12572683393184983,100157
92822,0.0010575509925787538,0.0037398999995033057,100157
92836,-0.008487080314730788,-0.004646376068467225,100157
92928,0.057039114375972574,0.06678235963295757,100157
92956,-0.5873467022019547,0.061164729572478094,100157
92980,-0.030616001056775023,-0.03584573174856024,100157
93018,-0.11522717427754822,-1.6182056991671927,100157
93111,0.39376022057708343,-0.029961174345133644,100157
93112,-1.097717498580872,0.08352521061798596,100157
93219,0.024540136578995998,0.013434856168340734,100157
93234,0.1395364651914371,0.46461055072676277,100157
93285,-0.041514297208457576,-0.022727608305275183,100157
93309,-1.097717498580872,0.08352521061798596,100157
93338,-0.030616001056775023,-0.03584573174856024,100157
93359,0.009069483281659631,0.0008203770268128335,100157
93365,0.035125335517785676,0.041125336787578126,100157
93388,-0.008487080314730788,-0.004646376068467225,100157
93430,-0.041514297208457576,-0.022727608305275183,100157
93463,-0.6005582588615536,0.04569641563027942,100157
93484,-0.15592879905719698,-0.053635133951366806,100157
93495,0.3631442195203084,-0.06580690609369388,100157
93532,-0.6005582588615536,0.04569641563027942,100157
93555,-0.03215826224945522,-0.041299750206501507,100157
93588,0.39376022057708343,-0.029961174345133644,100157
93596,-0.10756873099591115,-0.0588900727788911,100157
93642,-0.6005582588615536,0.04569641563027942,100157
93710,-0.10339901914223507,0.00786762064257289,100157
93759,-0.10339901914223507,0.00786762064257289,100157
93762,-0.04437745787106315,-0.6232197890102974,100157
93853,-0.041514297208457576,-0.022727608305275183,100157
93918,0.024540136578995998,0.013434856168340734,100157
94026,-0.6005582588615536,0.04569641563027942,100157
94042,-0.6005582588615536,0.04569641563027942,100157
94070,0.024540136578995998,0.013434856168340734,100157
94196,-0.030616001056775023,-0.03584573174856024,100157
94278,-0.10339901914223507,0.00786762064257289,100157
94304,-0.07980231607430568,-1.120712744088745,100157
94309,-0.030616001056775023,-0.03584573174856024,100157
94330,-0.6005582588615536,0.04569641563027942,100157
94331,0.39376022057708343,-0.029961174345133644,100157
94437,2.8795564191736758,-0.2191051492836663,100157
94449,0.024540136578995998,0.013434856168340734,100157
94470,-0.10339901914223507,0.00786762064257289,100157
94504,-0.6005582588615536,0.04569641563027942,100157
94520,-0.6005582588615536,0.04569641563027942,100157
94541,0.061897116738664465,0.8692590762250454,100157
94628,-0.6005582588615536,0.04569641563027942,100157
94629,0.024540136578995998,0.013434856168340734,100157
94646,0.39376022057708343,-0.029961174345133644,100157
94722,-0.04437745787106315,-0.6232197890102974,100157
94768,-0.041514297208457576,-0.022727608305275183,100157
94893,-0.11522717427754822,-1.6182056991671927,100157
94950,-1.097717498580872,0.08352521061798596,100157
94962,1.3880787000157204,-0.10561876432054672,100157
95090,3.3907722708118677,-0.20722445198464667,100157
95149,0.16817169134839208,2.361737941460388,100157
95182,0.024540136578995998,0.013434856168340734,100157
95216,0.0010575509925787538,0.0037398999995033057,100157
95225,-0.04437745787106315,-0.6232197890102974,100157
95238,0.006257175363096651,0.022127736914392446,100157
95257,-0.05252977991496192,-0.061502754593939696,100157
95301,0.13274683314514954,1.8642449863819406,100157
95327,0.026472258535421928,0.37176612114659774,100157
95360,-0.00934169774845704,-0.03303577383027498,100157
95437,-0.07980231607430568,-1.120712744088745,100157
95442,-0.041514297208457576,-0.022727608305275183,100157
95449,-0.041514297208457576,-0.022727608305275183,100157
95466,0.12362178726017635,0.0676785528787646,100157
95474,0.07077891013232156,0.04698440234734736,100157
95501,0.024929997342741733,0.3663121026886565,100157
95550,0.8909194602964019,-0.06778996933284018,100157
95613,0.097321974941907,1.3667520313034929,100157
95646,-1.0845059419212733,0.09899352456018462,100157
95694,-0.006741885563198093,-0.023841855372830408,100157
95696,0.024540136578995998,0.013434856168340734,100157
95708,-0.001542261192680195,-0.0054540184579412645,100157
95719,-0.008952599667820608,-0.12572683393184983,100157
95823,-0.10339901914223507,0.00786762064257289,100157
95827,-0.04437745787106315,-0.6232197890102974,100157
95870,-0.041514297208457576,-0.022727608305275183,100157
95895,0.16817169134839208,2.361737941460388,100157
95925,0.024540136578995998,0.013434856168340734,100157
95997,-0.10339901914223507,0.00786762064257289,100157
96024,-0.008952599667820608,-0.12572683393184983,100157
96078,-0.10756873099591115,-0.0588900727788911,100157
96130,0.024540136578995998,0.013434856168340734,100157
96220,0.16817169134839208,2.361737941460388,100157
96225,0.09059457036644956,0.04959732064195665,100157
96244,0.006257175363096651,0.022127736914392446,100157
96256,-0.030616001056775023,-0.03584573174856024,100157
96370,-0.10339901914223507,0.00786762064257289,100157
96372,0.03358307432510548,0.03567131832963686,100157
96378,0.024540136578995998,0.013434856168340734,100157
96381,0.39376022057708343,-0.029961174345133644,100157
96423,0.0010575509925787538,0.0037398999995033057,100157
96441,0.0010575509925787538,0.0037398999995033057,100157
96577,-0.041514297208457576,-0.022727608305275183,100157
96590,-0.004142073377939144,-0.014647936915385835,100157
96600,-0.10339901914223507,0.00786762064257289,100157
96601,0.09059457036644956,0.04959732064195665,100157
96625,-0.10339901914223507,0.00786762064257289,100157
96630,0.09059457036644956,0.04959732064195665,100157
96645,-0.04437745787106315,-0.6232197890102974,100157
96687,0.013211556659598774,0.015468313942198669,100157
96780,-0.004142073377939144,-0.014647936915385835,100157
96795,-0.11522717427754822,-1.6182056991671927,100157
96800,0.06060296035248093,2.302847868681497,100157
96847,-0.10339901914223507,0.00786762064257289,100157
96859,0.9154595968753979,-0.054355113164499445,100157
96864,-0.10339901914223507,0.00786762064257289,100157
96885,-0.10339901914223507,0.00786762064257289,100157
96903,0.026472258535421928,0.37176612114659774,100157
96925,-0.10756873099591115,-0.0588900727788911,100157
96966,-0.10339901914223507,0.00786762064257289,100157
96972,-0.6005582588615536,0.04569641563027942,100157
97030,-0.041514297208457576,-0.022727608305275183,100157
97049,-0.008487080314730788,-0.004646376068467225,100157
97141,-0.041514297208457576,-0.022727608305275183,100157
97154,1.3880787000157204,-0.10561876432054672,100157
97176,0.017798251015797906,-0.010406999204489672,100157
97181,-1.097717498580872,0.08352521061798596,100157
97195,0.097321974941907,1.3667520313034929,100157
97214,-0.008702222198588124,-0.010188708903180787,100157
97363,-0.6005582588615536,0.04569641563027942,100157
97434,0.8909194602964019,-0.06778996933284018,100157
97438,0.024540136578995998,0.013434856168340734,100157
97515,0.16817169134839208,2.361737941460388,100157
97533,0.017770036336833803,0.36157741224341694,100157
97602,-0.008952599667820608,-0.12572683393184983,100157
97671,0.8909194602964019,-0.06778996933284018,100157
97680,0.8909194602964019,-0.06778996933284018,100157
97686,-0.10339901914223507,0.00786762064257289,100157
97691,0.026472258535421928,0.37176612114659774,100157
97735,0.09152497434388933,0.08506063149344151,100157
97760,-0.041514297208457576,-0.022727608305275183,100157
97770,-0.10339901914223507,0.00786762064257289,100157
97853,-0.07211790346034562,0.841280965119058,100157
97868,-0.030616001056775023,-0.03584573174856024,100157
97892,-0.04437745787106315,-0.6232197890102974,100157
97969,-0.041514297208457576,-0.022727608305275183,100157
98010,0.09059457036644956,0.04959732064195665,100157
98032,0.09059457036644956,0.04959732064195665,100157
98037,0.024540136578995998,0.013434856168340734,100157
98103,-0.046359904766262484,0.07464998027553046,100157
98126,-0.6005582588615536,0.04569641563027942,100157
98144,0.024540136578995998,0.013434856168340734,100157
98179,-0.05252977991496192,-0.061502754593939696,100157
98206,0.035125335517785676,0.041125336787578126,100157
98215,0.39376022057708343,-0.029961174345133644,100157
98262,0.10019753040939955,2.8670985171814087,100157
98277,0.3412304406621215,-0.09146392893907335,100157
98289,0.0010575509925787538,0.0037398999995033057,100157
98316,-0.6005582588615536,0.04569641563027942,100157
98389,-0.11522717427754822,-1.6182056991671927,100157
98420,-1.097717498580872,0.08352521061798596,100157
98427,-0.04437745787106315,-0.6232197890102974,100157
98445,-0.041514297208457576,-0.022727608305275183,100157
98461,-0.10339901914223507,0.00786762064257289,100157
98480,0.39376022057708343,-0.029961174345133644,100157
98494,-0.041514297208457576,-0.022727608305275183,100157
98541,0.0036573631778377027,0.012933818456947877,100157
98601,-0.030616001056775023,-0.03584573174856024,100157
98687,0.05756735347272278,0.03151608840514869,100157
98696,0.017770036336833803,0.36157741224341694,100157
98728,-0.10339901914223507,0.00786762064257289,100157
98785,-0.10339901914223507,0.00786762064257289,100157
98809,-0.04437745787106315,-0.6232197890102974,100157
98821,-0.030616001056775023,-0.03584573174856024,100157
98822,1.8852379397350387,-0.14344755930825326,100157
98897,0.8909194602964019,-0.06778996933284018,100157
99040,-0.10756873099591115,-0.0588900727788911,100157
99096,-0.10339901914223507,0.00786762064257289,100157
99133,0.026472258535421928,0.37176612114659774,100157
99156,0.024540136578995998,0.013434856168340734,100157
99164,0.061897116738664465,0.8692590762250454,100157
99171,-0.041514297208457576,-0.022727608305275183,100157
99196,-0.008702222198588124,-0.010188708903180787,100157
99254,0.0010575509925787538,0.0037398999995033057,100157
99276,0.09059457036644956,0.04959732064195665,100157
99320,-0.10756873099591115,-0.0588900727788911,100157
99342,-1.1368205799523778,0.04303310280095849,100157
99347,-1.097717498580872,0.08352521061798596,100157
99386,0.132676026870986,0.9162434785723927,100157
99431,-0.04437745787106315,-0.6232197890102974,100157
99452,-0.008487080314730788,-0.004646376068467225,100157
99499,-1.097717498580872,0.08352521061798596,100157
99518,-0.6005582588615536,0.04569641563027942,100157
99522,0.061897116738664465,0.8692590762250454,100157
99549,0.8909194602964019,-0.06778996933284018,100157
99551,-0.041514297208457576,-0.022727608305275183,100157
99552,-0.041514297208457576,-0.022727608305275183,100157
99754,-0.008487080314730788,-0.004646376068467225,100157
99773,0.39376022057708343,-0.029961174345133644,100157
99801,-0.041514297208457576,-0.022727608305275183,100157
99930,0.05756735347272278,0.03151608840514869,100157
99941,-0.07980231607430568,-1.120712744088745,100157
100076,-0.10339901914223507,0.00786762064257289,100157
100084,0.10086667209234637,0.11809640532371649,100157
100134,-0.008952599667820608,-0.12572683393184983,100157
100136,1.8852379397350387,-0.14344755930825326,100157
100216,-0.041514297208457576,-0.022727608305275183,100157
100242,-0.10339901914223507,0.00786762064257289,100157
100254,0.024540136578995998,0.013434856168340734,100157
100273,0.0036573631778377027,0.012933818456947877,100157
100296,0.39376022057708343,-0.029961174345133644,100157
100332,-1.097717498580872,0.08352521061798596,100157
100333,0.10086667209234637,0.11809640532371649,100157
100366,0.031281115681889446,0.8334133444764852,100157
100371,0.39376022057708343,-0.029961174345133644,100157
100418,0.8909194602964019,-0.06778996933284018,100157
100443,-0.10339901914223507,0.00786762064257289,100157
100543,0.39376022057708343,-0.029961174345133644,100157
100556,-0.041514297208457576,-0.022727608305275183,100157
100558,0.15664900415390315,0.08575978511557257,100157
100578,0.013211556659598774,0.015468313942198669,100157
100614,-0.00934169774845704,-0.03303577383027498,100157
100630,-0.006741885563198093,-0.023841855372830408,100157
100631,0.0010575509925787538,0.0037398999995033057,100157
100637,-0.07444355877314882,-0.08715977743931916,100157
100638,0.3844185228286264,-0.06299694817540862,100157
100639,0.026472258535421928,0.37176612114659774,100157
100674,-0.10339901914223507,0.00786762064257289,100157
100684,-1.097717498580872,0.08352521061798596,100157
100685,-0.10339901914223507,0.00786762064257289,100157
100781,0.16817169134839208,2.361737941460388,100157
100791,0.8465420024253387,-0.6910097583431376,100157
101007,0.024540136578995998,0.013434856168340734,100157
101009,-0.10339901914223507,0.00786762064257289,100157
101034,-0.10339901914223507,0.00786762064257289,100157
101110,-0.041514297208457576,-0.022727608305275183,100157
101119,0.09059457036644956,0.04959732064195665,100157
101127,-0.041514297208457576,-0.022727608305275183,100157
101129,0.024540136578995998,0.013434856168340734,100157
101155,-0.001542261192680195,-0.0054540184579412645,100157
101178,-0.6005582588615536,0.04569641563027942,100157
101275,0.8909194602964019,-0.06778996933284018,100157
101278,0.39376022057708343,-0.029961174345133644,100157
101282,0.13274683314514954,1.8642449863819406,100157
101308,-0.11522717427754822,-1.6182056991671927,100157
101328,-0.10756873099591115,-0.0588900727788911,100157
101345,-0.030616001056775023,-0.03584573174856024,100157
101373,0.024540136578995998,0.013434856168340734,100157
101413,0.024540136578995998,0.013434856168340734,100157
101420,0.024540136578995998,0.013434856168340734,100157
101458,-0.10339901914223507,0.00786762064257289,100157
101499,-0.001542261192680195,-0.0054540184579412645,100157
101553,-1.097717498580872,0.08352521061798596,100157
101589,-1.097717498580872,0.08352521061798596,100157
101656,-0.008487080314730788,-0.004646376068467225,100157
101680,-1.097717498580872,0.08352521061798596,100157
101768,-0.10339901914223507,0.00786762064257289,100157
101785,-0.008487080314730788,-0.004646376068467225,100157
101857,-0.6005582588615536,0.04569641563027942,100157
101890,-0.008487080314730788,-0.004646376068467225,100157
101899,-1.097717498580872,0.08352521061798596,100157
101968,0.026472258535421928,0.37176612114659774,100157
102003,1.8852379397350387,-0.14344755930825326,100157
102038,-0.041514297208457576,-0.022727608305275183,100157
102055,-0.04437745787106315,-0.6232197890102974,100157
102056,-0.041514297208457576,-0.022727608305275183,100157
102073,-0.13401502019901007,-0.02797811110598735,100157
102075,-1.097717498580872,0.08352521061798596,100157
102119,-0.008487080314730788,-0.004646376068467225,100157
102197,0.024540136578995998,0.013434856168340734,100157
102232,-0.041514297208457576,-0.022727608305275183,100157
102244,-0.04591971906374334,-0.6286738074682386,100157
102252,-0.04437745787106315,-0.6232197890102974,100157
102262,-0.05252977991496192,-0.061502754593939696,100157
102279,0.035125335517785676,0.041125336787578126,100157
102291,0.024540136578995998,0.013434856168340734,100157
102318,-0.10339901914223507,0.00786762064257289,100157
102349,-0.001542261192680195,-0.0054540184579412645,100157
102360,-0.10756873099591115,-0.0588900727788911,100157
102486,0.0036573631778377027,0.012933818456947877,100157
102514,0.026472258535421928,0.37176612114659774,100157
102527,-1.097717498580872,0.08352521061798596,100157
102532,0.026472258535421928,0.37176612114659774,100157
102565,0.026472258535421928,0.37176612114659774,100157
102595,-0.008487080314730788,-0.004646376068467225,100157
102680,-0.04437745787106315,-0.6232197890102974,100157
102686,-0.008487080314730788,-0.004646376068467225,100157
102815,0.8909194602964019,-0.06778996933284018,100157
102845,0.026472258535421928,0.37176612114659774,100157
102854,-0.041514297208457576,-0.022727608305275183,100157
102945,1.3880787000157204,-0.10561876432054672,100157
102959,-0.6005582588615536,0.04569641563027942,100157
102965,-0.6005582588615536,0.04569641563027942,100157
103028,-0.008487080314730788,-0.004646376068467225,100157
103076,-0.6005582588615536,0.04569641563027942,100157
103090,0.39376022057708343,-0.029961174345133644,100157
103133,0.39376022057708343,-0.029961174345133644,100157
103223,-0.041514297208457576,-0.022727608305275183,100157
103254,-0.10339901914223507,0.00786762064257289,100157
103291,-0.008952599667820608,-0.12572683393184983,100157
103382,-0.11522717427754822,-1.6182056991671927,100157
103637,-0.6005582588615536,0.04569641563027942,100157
103641,0.024540136578995998,0.013434856168340734,100157
103654,-0.008952599667820608,-0.12572683393184983,100157
103668,-0.07499345892783817,-0.6590655207588576,100157
103724,0.097321974941907,1.3667520313034929,100157
103804,-0.001542261192680195,-0.0054540184579412645,100157
103823,-0.008702222198588124,-0.010188708903180787,100157
103838,-0.041514297208457576,-0.022727608305275183,100157
103856,0.024540136578995998,0.013434856168340734,100157
103861,-0.00934169774845704,-0.03303577383027498,100157
103871,0.8909194602964019,-0.06778996933284018,100157
103872,0.020398063201056853,-0.0012130807470451014,100157
103905,-0.030616001056775023,-0.03584573174856024,100157
103943,0.0088569875483556,0.031321655371837016,100157
103947,0.8909194602964019,-0.06778996933284018,100157
103998,-0.008952599667820608,-0.12572683393184983,100157
104043,0.09837952593448576,1.3704919313029962,100157
104084,-0.031165901211464373,-0.6077514750680987,100157
104103,0.014056611918873498,0.04970949228672616,100157
104106,0.39376022057708343,-0.029961174345133644,100157
104139,-0.07454151410218436,-0.04080884054208314,100157
104141,0.024540136578995998,0.013434856168340734,100157
104232,-0.004142073377939144,-0.014647936915385835,100157
104249,-0.041514297208457576,-0.022727608305275183,100157
104251,-1.097717498580872,0.08352521061798596,100157
104271,-0.030616001056775023,-0.03584573174856024,100157
104290,0.013211556659598774,0.015468313942198669,100157
104347,0.057039114375972574,0.06678235963295757,100157
104407,-0.041514297208457576,-0.022727608305275183,100157
104430,0.05756735347272278,0.03151608840514869,100157
104440,-0.041514297208457576,-0.022727608305275183,100157
104495,-0.041514297208457576,-0.022727608305275183,100157
104527,-0.6005582588615536,0.04569641563027942,100157
104624,-0.041514297208457576,-0.022727608305275183,100157
104633,-0.10339901914223507,0.00786762064257289,100157
104821,0.026472258535421928,0.37176612114659774,100157
104866,0.15664900415390315,0.08575978511557257,100157
104916,0.4589239332695352,1.2954911067518577,100157
104977,-0.07444355877314882,-0.08715977743931916,100157
105055,0.0036573631778377027,0.012933818456947877,100157
105059,-0.030616001056775023,-0.03584573174856024,100157
105095,0.8909194602964019,-0.06778996933284018,100157
105124,0.8909194602964019,-0.06778996933284018,100157
105161,0.061897116738664465,0.8692590762250454,100157
105170,0.16402961797045293,2.3470900045450023,100157
105184,-0.6005582588615536,0.04569641563027942,100157
105216,0.014056611918873498,0.04970949228672616,100157
105406,-0.03956860072459563,-0.16157256568041006,100157
105410,-0.10339901914223507,0.00786762064257289,100157
105512,-0.04437745787106315,-0.6232197890102974,100157
105547,0.006257175363096651,0.022127736914392446,100157
105556,-0.041514297208457576,-0.022727608305275183,100157
105588,-0.008702222198588124,-0.010188708903180787,100157
105667,0.013211556659598774,0.015468313942198669,100157
105692,-0.041514297208457576,-0.022727608305275183,100157
105723,-0.05252977991496192,-0.061502754593939696,100157
105762,0.024540136578995998,0.013434856168340734,100157
105794,-0.04437745787106315,-0.6232197890102974,100157
105940,0.024540136578995998,0.013434856168340734,100157
106065,0.09059457036644956,0.04959732064195665,100157
106079,0.09059457036644956,0.04959732064195665,100157
106106,-0.004142073377939144,-0.014647936915385835,100157
106137,0.0036573631778377027,0.012933818456947877,100157
106218,-0.07980231607430568,-1.120712744088745,100157
106239,-0.07444355877314882,-0.08715977743931916,100157
106241,0.06035485554598427,0.8638050577671041,100157
106332,0.014056611918873498,0.04970949228672616,100157
106348,-0.07444355877314882,-0.08715977743931916,100157
106355,-0.07980231607430568,-1.120712744088745,100157
106406,-1.097717498580872,0.08352521061798596,100157
106441,-0.10754109252017421,-0.006780316272812946,100157
106528,-0.10339901914223507,0.00786762064257289,100157
106637,-1.097717498580872,0.08352521061798596,100157
106638,0.0036573631778377027,0.012933818456947877,100157
106676,0.8909194602964019,-0.06778996933284018,100157
106721,0.09059457036644956,0.04959732064195665,100157
106737,-0.041514297208457576,-0.022727608305275183,100157
106879,-1.097717498580872,0.08352521061798596,100157
106894,0.16817169134839208,2.361737941460388,100157
106897,-0.030616001056775023,-0.03584573174856024,100157
106912,-0.041514297208457576,-0.022727608305275183,100157
106939,-0.694602335984973,-0.03853394726893546,100157
106955,0.057039114375972574,0.06678235963295757,100157
107022,-0.04437745787106315,-0.6232197890102974,100157
107025,0.014056611918873498,0.04970949228672616,100157
107036,0.16817169134839208,2.361737941460388,100157
107075,0.061897116738664465,0.8692590762250454,100157
107087,-0.05252977991496192,-0.061502754593939696,100157
107109,0.02559768757157475,0.01717475616784404,100157
107129,0.09059457036644956,0.04959732064195665,100157
107160,0.0036573631778377027,0.012933818456947877,100157
107165,-0.008952599667820608,-0.12572683393184983,100157
107242,-0.10339901914223507,0.00786762064257289,100157
107279,0.024540136578995998,0.013434856168340734,100157
107288,-0.10339901914223507,0.00786762064257289,100157
107324,-0.07980231607430568,-1.120712744088745,100157
107326,0.024540136578995998,0.013434856168340734,100157
107372,0.39376022057708343,-0.029961174345133644,100157
107376,0.39376022057708343,-0.029961174345133644,100157
107398,0.39376022057708343,-0.029961174345133644,100157
107429,-0.10339901914223507,0.00786762064257289,100157
107440,-0.004142073377939144,-0.014647936915385835,100157
107520,-0.6005582588615536,0.04569641563027942,100157
107544,0.024540136578995998,0.013434856168340734,100157
107545,-1.097717498580872,0.08352521061798596,100157
107552,-0.041514297208457576,-0.022727608305275183,100157
107598,-0.001542261192680195,-0.0054540184579412645,100157
107626,-1.097717498580872,0.08352521061798596,100157
107628,-0.008487080314730788,-0.004646376068467225,100157
107640,-0.0502165194070457,-0.03291631720845597,100157
107658,-0.041514297208457576,-0.022727608305275183,100157
107790,0.024540136578995998,0.013434856168340734,100157
107809,0.10086667209234637,0.11809640532371649,100157
107982,0.8909194602964019,-0.06778996933284018,100157
107991,-0.001542261192680195,-0.0054540184579412645,100157
108058,-0.041514297208457576,-0.022727608305275183,100157
108089,0.061897116738664465,0.8692590762250454,100157
108123,-0.10756873099591115,-0.0588900727788911,100157
108142,-0.001542261192680195,-0.0054540184579412645,100157
108222,-0.10756873099591115,-0.0588900727788911,100157
108248,-0.10339901914223507,0.00786762064257289,100157
108271,0.15664900415390315,0.08575978511557257,100157
108343,-0.6005582588615536,0.04569641563027942,100157
108357,0.8909194602964019,-0.06778996933284018,100157
108403,-0.008702222198588124,-0.010188708903180787,100157
108493,0.8909194602964019,-0.06778996933284018,100157
108554,-0.030616001056775023,-0.03584573174856024,100157
108564,0.035125335517785676,0.041125336787578126,100157
108614,0.006257175363096651,0.022127736914392446,100157
108641,-1.097717498580872,0.08352521061798596,100157
108649,-0.10756873099591115,-0.0588900727788911,100157
108684,-0.07980231607430568,-1.120712744088745,100157
108702,-0.6005582588615536,0.04569641563027942,100157
108729,0.01145679973361455,0.04051557382928159,100157
108850,-0.006741885563198093,-0.023841855372830408,100157
108854,0.026472258535421928,0.37176612114659774,100157
108872,-0.10339901914223507,0.00786762064257289,100157
108975,1.3880787000157204,-0.10561876432054672,100157
108980,-0.6005582588615536,0.04569641563027942,100157
109042,-0.030616001056775023,-0.03584573174856024,100157
109101,-0.04437745787106315,-0.6232197890102974,100157
109152,0.024540136578995998,0.013434856168340734,100157
109184,-0.004142073377939144,-0.014647936915385835,100157
109222,0.16817169134839208,2.361737941460388,100157
109245,0.8909194602964019,-0.06778996933284018,100157
109258,-0.043319906878484395,-0.6194798890107941,100157
109286,0.0010575509925787538,0.0037398999995033057,100157
109296,0.39376022057708343,-0.029961174345133644,100157
109339,-0.041514297208457576,-0.022727608305275183,100157
109358,0.13274683314514954,1.8642449863819406,100157
109409,-0.008952599667820608,-0.12572683393184983,100157
109421,-1.097717498580872,0.08352521061798596,100157
109484,0.097321974941907,1.3667520313034929,100157
109561,-0.030616001056775023,-0.03584573174856024,100157
109606,-0.05252977991496192,-0.061502754593939696,100157
109656,0.12278045095053326,0.14375342816909595,100157
109661,0.2205567139276646,1.9880060242321145,100157
109687,-0.008952599667820608,-0.12572683393184983,100157
109700,-0.041514297208457576,-0.022727608305275183,100157
109738,-0.004142073377939144,-0.014647936915385835,100157
109745,-0.041514297208457576,-0.022727608305275183,100157
109803,0.16817169134839208,2.361737941460388,100157
109843,-0.10339901914223507,0.00786762064257289,100157
109882,-0.008487080314730788,-0.004646376068467225,100157
109883,-0.041514297208457576,-0.022727608305275183,100157
109933,0.39376022057708343,-0.029961174345133644,100157
109954,-0.04437745787106315,-0.6232197890102974,100157
110004,1.3880787000157204,-0.10561876432054672,100157
110011,1.8852379397350387,-0.14344755930825326,100157
110048,-0.030616001056775023,-0.03584573174856024,100157
110056,-1.097717498580872,0.08352521061798596,100157
110065,-0.10339901914223507,0.00786762064257289,100157
110130,0.20359654955163461,2.8592308965388358,100157
110137,-1.097717498580872,0.08352521061798596,100157
110181,-1.097717498580872,0.08352521061798596,100157
110186,-1.097717498580872,0.08352521061798596,100157
110190,-0.13401502019901007,-0.02797811110598735,100157
110199,-0.030616001056775023,-0.03584573174856024,100157
110226,0.024540136578995998,0.013434856168340734,100157
110227,0.033594376189805666,0.8619997818619689,100157
110255,0.013211556659598774,0.015468313942198669,100157
110307,0.09059457036644956,0.04959732064195665,100157
110318,-0.10339901914223507,0.00786762064257289,100157
110392,-0.11936924765548737,-1.6328536360825785,100157
110421,-0.041514297208457576,-0.022727608305275183,100157
110439,-0.10339901914223507,0.00786762064257289,100157
110455,0.024540136578995998,0.013434856168340734,100157
110507,-0.041514297208457576,-0.022727608305275183,100157
110509,-0.07980231607430568,-1.120712744088745,100157
110567,-0.008952599667820608,-0.12572683393184983,100157
110588,-0.008487080314730788,-0.004646376068467225,100157
110591,-0.07980231607430568,-1.120712744088745,100157
110609,0.09059457036644956,0.04959732064195665,100157
110656,0.024540136578995998,0.013434856168340734,100157
110669,-0.00934169774845704,-0.03303577383027498,100157
110685,0.026472258535421928,0.37176612114659774,100157
110691,-0.04437745787106315,-0.6232197890102974,100157
110706,3.3767156588929943,-0.25693394427137284,100157
110747,0.20359654955163461,2.8592308965388358,100157
110758,0.026472258535421928,0.37176612114659774,100157
110806,-0.008952599667820608,-0.12572683393184983,100157
110807,0.024540136578995998,0.013434856168340734,100157
110826,-0.04437745787106315,-0.6232197890102974,100157
110858,0.061897116738664465,0.8692590762250454,100157
110874,-0.041514297208457576,-0.022727608305275183,100157
110938,-0.001542261192680195,-0.0054540184579412645,100157
110991,-0.008487080314730788,-0.004646376068467225,100157
111112,-0.10339901914223507,0.00786762064257289,100157
111115,-0.10339901914223507,0.00786762064257289,100157
111205,-0.001542261192680195,-0.0054540184579412645,100157
111249,0.061897116738664465,0.8692590762250454,100157
111391,-1.097717498580872,0.08352521061798596,100157
111547,0.026472258535421928,0.37176612114659774,100157
111549,-0.10339901914223507,0.00786762064257289,100157
111607,0.16817169134839208,2.361737941460388,100157
111650,-0.6005582588615536,0.04569641563027942,100157
111726,0.0036573631778377027,0.012933818456947877,100157
111748,0.055807677733449426,1.3440244229982177,100157
111813,0.024540136578995998,0.013434856168340734,100157
111861,-0.001542261192680195,-0.0054540184579412645,100157
111880,-0.01765482186640873,-0.13591554283503063,100157
111886,-0.6005582588615536,0.04569641563027942,100157
111899,0.026472258535421928,0.37176612114659774,100157
111959,-0.008952599667820608,-0.12572683393184983,100157
112035,-0.008487080314730788,-0.004646376068467225,100157
112049,-1.097717498580872,0.08352521061798596,100157
112067,-0.11522717427754822,-1.6182056991671927,100157
112158,0.029441977954305688,0.40763531890741217,100157
112203,0.10086667209234637,0.11809640532371649,100157
112305,0.8909194602964019,-0.06778996933284018,100157
112355,-0.10339901914223507,0.00786762064257289,100157
112423,0.20359654955163461,2.8592308965388358,100157
112434,-0.6005582588615536,0.04569641563027942,100157
112477,-0.10339901914223507,0.00786762064257289,100157
112520,-0.001542261192680195,-0.0054540184579412645,100157
112586,-0.008487080314730788,-0.004646376068467225,100157
112624,-1.097717498580872,0.08352521061798596,100157
112633,-1.097717498580872,0.08352521061798596,100157
112693,-0.11522717427754822,-1.6182056991671927,100157
112698,0.024540136578995998,0.013434856168340734,100157
112762,-0.001542261192680195,-0.0054540184579412645,100157
112861,-0.031165901211464373,-0.6077514750680987,100157
112921,0.8909194602964019,-0.06778996933284018,100157
112940,-0.008487080314730788,-0.004646376068467225,100157
112977,-0.04437745787106315,-0.6232197890102974,100157
113031,0.061897116738664465,0.8692590762250454,100157
113081,-0.008702222198588124,-0.010188708903180787,100157
113085,-0.04437745787106315,-0.6232197890102974,100157
113164,-0.030616001056775023,-0.03584573174856024,100157
113180,-0.04437745787106315,-0.6232197890102974,100157
113181,-0.10339901914223507,0.00786762064257289,100157
113209,-0.010494860860500803,-0.1311808523897911,100157
113274,-0.6005582588615536,0.04569641563027942,100157
113312,-0.6005582588615536,0.04569641563027942,100157
113484,-0.008487080314730788,-0.004646376068467225,100157
113487,-0.008487080314730788,-0.004646376068467225,100157
113496,-0.041514297208457576,-0.022727608305275183,100157
113499,0.024540136578995998,0.013434856168340734,100157
113502,0.09059457036644956,0.04959732064195665,100157
113564,-0.04437745787106315,-0.6232197890102974,100157
113610,0.013211556659598774,0.015468313942198669,100157
113641,-0.04437745787106315,-0.6232197890102974,100157
113648,-0.041514297208457576,-0.022727608305275183,100157
113668,-0.05307968006965127,-0.6334084979134782,100157
113770,-0.07980231607430568,-1.120712744088745,100157
113905,-0.04437745787106315,-0.6232197890102974,100157
113909,0.006257175363096651,0.022127736914392446,100157
113927,0.8909194602964019,-0.06778996933284018,100157
113991,0.8909194602964019,-0.06778996933284018,100157
114005,0.39376022057708343,-0.029961174345133644,100157
114009,0.026472258535421928,0.37176612114659774,100157
114032,0.8909194602964019,-0.06778996933284018,100157
114049,-0.041514297208457576,-0.022727608305275183,100157
114053,-0.006741885563198093,-0.023841855372830408,100157
114057,0.09058008937870891,1.3429101759306625,100157
114095,0.9154595968753979,-0.054355113164499445,100157
114162,-0.008702222198588124,-0.010188708903180787,100157
114193,0.024540136578995998,0.013434856168340734,100157
114244,-0.001542261192680195,-0.0054540184579412645,100157
114255,0.05756735347272278,0.03151608840514869,100157
114266,0.035125335517785676,0.041125336787578126,100157
114299,0.061897116738664465,0.8692590762250454,100157
114347,-0.6005582588615536,0.04569641563027942,100157
114406,-0.5032362839196465,1.4124484469337724,100157
114412,-0.07444355877314882,-0.08715977743931916,100157
114419,0.0010575509925787538,0.0037398999995033057,100157
114440,-0.008702222198588124,-0.010188708903180787,100157
114518,0.0010575509925787538,0.0037398999995033057,100157
114573,-0.041514297208457576,-0.022727608305275183,100157
114579,-0.004142073377939144,-0.014647936915385835,100157
114596,-1.097717498580872,0.08352521061798596,100157
114601,0.026472258535421928,0.37176612114659774,100157
114654,0.026472258535421928,0.37176612114659774,100157
114671,-0.11235161881005566,-0.11785921328927694,100157
114688,0.024540136578995998,0.013434856168340734,100157
114699,0.0036573631778377027,0.012933818456947877,100157
114758,0.3848076209092628,-0.15568800827698348,100157
114773,-0.04437745787106315,-0.6232197890102974,100157
114857,0.09059457036644956,0.04959732064195665,100157
114898,-0.04437745787106315,-0.6232197890102974,100157
114933,0.0010575509925787538,0.0037398999995033057,100157
114966,0.024540136578995998,0.013434856168340734,100157
114981,-0.07980231607430568,-1.120712744088745,100157
114992,-0.041514297208457576,-0.022727608305275183,100157
115027,-1.097717498580872,0.08352521061798596,100157
115176,-0.6005582588615536,0.04569641563027942,100157
115226,-0.007429529322152034,-0.0009064760689639189,100157
115258,0.026472258535421928,0.37176612114659774,100157
115332,-0.10339901914223507,0.00786762064257289,100157
115344,-0.008702222198588124,-0.010188708903180787,100157
115416,-0.6005582588615536,0.04569641563027942,100157
115464,-0.008702222198588124,-0.010188708903180787,100157
115496,0.0036573631778377027,0.012933818456947877,100157
115604,0.024540136578995998,0.013434856168340734,100157
115606,-0.041514297208457576,-0.022727608305275183,100157
115620,-0.10339901914223507,0.00786762064257289,100157
115631,-0.10339901914223507,0.00786762064257289,100157
115721,0.39376022057708343,-0.029961174345133644,100157
115800,-0.041514297208457576,-0.022727608305275183,100157
115802,-0.10339901914223507,0.00786762064257289,100157
115803,0.39376022057708343,-0.029961174345133644,100157
115811,0.02559768757157475,0.01717475616784404,100157
115843,0.8909194602964019,-0.06778996933284018,100157
115852,0.4183003571560794,-0.016526318176792912,100157
115870,-0.010244483391268319,-0.01564272736112205,100157
116189,-0.06310902157706225,-0.6435088924398867,100157
116215,-0.04437745787106315,-0.6232197890102974,100157
116317,0.4069717772366822,-0.014492860402934975,100157
116353,-1.097717498580872,0.08352521061798596,100157
116503,0.8909194602964019,-0.06778996933284018,100157
116524,-1.097717498580872,0.08352521061798596,100157
116587,0.024540136578995998,0.013434856168340734,100157
116590,1.3880787000157204,-0.10561876432054672,100157
116615,-0.6005582588615536,0.04569641563027942,100157
116791,-1.097717498580872,0.08352521061798596,100157
116859,0.39376022057708343,-0.029961174345133644,100157
116900,3.3767156588929943,-0.25693394427137284,100157
116912,1.8852379397350387,-0.14344755930825326,100157
116952,-0.10339901914223507,0.00786762064257289,100157
116960,-0.06659075941470691,-1.1052444301465463,100157
116961,-1.097717498580872,0.08352521061798596,100157
116989,-0.07444355877314882,-0.08715977743931916,100157
116996,0.8909194602964019,-0.06778996933284018,100157
117053,-0.008952599667820608,-0.12572683393184983,100157
117054,0.8909194602964019,-0.06778996933284018,100157
117055,-0.041514297208457576,-0.022727608305275183,100157
117121,-0.041514297208457576,-0.022727608305275183,100157
117143,-0.008952599667820608,-0.12572683393184983,100157
117144,-0.6005582588615536,0.04569641563027942,100157
117195,-1.097717498580872,0.08352521061798596,100157
117234,0.024540136578995998,0.013434856168340734,100157
117296,3.3767156588929943,-0.25693394427137284,100157
117315,-0.008702222198588124,-0.010188708903180787,100157
117318,0.05756735347272278,0.03151608840514869,100157
117329,0.39376022057708343,-0.029961174345133644,100157
117411,-0.008952599667820608,-0.12572683393184983,100157
117458,-0.041514297208457576,-0.022727608305275183,100157
117541,-1.097717498580872,0.08352521061798596,100157
117560,-0.041514297208457576,-0.022727608305275183,100157
117591,-0.10339901914223507,0.00786762064257289,100157
117671,-0.6005582588615536,0.04569641563027942,100157
117681,-0.10756873099591115,-0.0588900727788911,100157
117688,-0.041514297208457576,-0.022727608305275183,100157
117706,-0.10339901914223507,0.00786762064257289,100157
117754,-1.097717498580872,0.08352521061798596,100157
117789,-0.041514297208457576,-0.022727608305275183,100157
117822,-0.11522717427754822,-1.6182056991671927,100157
117850,0.0010575509925787538,0.0037398999995033057,100157
117855,0.8909194602964019,-0.06778996933284018,100157
117897,-0.04437745787106315,-0.6232197890102974,100157
117910,0.061897116738664465,0.8692590762250454,100157
117948,-0.008702222198588124,-0.010188708903180787,100157
117987,-0.041514297208457576,-0.022727608305275183,100157
118028,0.024540136578995998,0.013434856168340734,100157
118032,-0.10339901914223507,0.00786762064257289,100157
118034,-0.07980231607430568,-1.120712744088745,100157
118054,0.39376022057708343,-0.029961174345133644,100157
118134,0.026472258535421928,0.37176612114659774,100157
118189,-0.10756873099591115,-0.0588900727788911,100157
118196,-1.097717498580872,0.08352521061798596,100157
118205,0.3873712588864115,-0.011563445862830701,100157
118229,0.026472258535421928,0.37176612114659774,100157
118289,-0.030616001056775023,-0.03584573174856024,100157
118323,-0.6005582588615536,0.04569641563027942,100157
118377,-0.041514297208457576,-0.022727608305275183,100157
118388,0.0010575509925787538,0.0037398999995033057,100157
118412,3.3767156588929943,-0.25693394427137284,100157
118419,-0.10339901914223507,0.00786762064257289,100157
118508,-1.097717498580872,0.08352521061798596,100157
118534,-0.10339901914223507,0.00786762064257289,100157
118540,-0.008952599667820608,-0.12572683393184983,100157
118568,-0.6420725560700111,0.02296880732500424,100157
118585,-1.097717498580872,0.08352521061798596,100157
118632,-0.041514297208457576,-0.022727608305275183,100157
118671,-0.04437745787106315,-0.6232197890102974,100157
118746,0.057039114375972574,0.06678235963295757,100157
118754,0.0088569875483556,0.031321655371837016,100157
118891,0.0010575509925787538,0.0037398999995033057,100157
118902,-0.05252977991496192,-0.061502754593939696,100157
118999,-0.07885888256323906,0.02130247681091362,100157
119013,-0.041514297208457576,-0.022727608305275183,100157
119048,0.057039114375972574,0.06678235963295757,100157
119058,-0.10339901914223507,0.00786762064257289,100157
119074,-1.097717498580872,0.08352521061798596,100157
119148,0.061897116738664465,0.8692590762250454,100157
119165,0.097321974941907,1.3667520313034929,100157
119169,-0.04437745787106315,-0.6232197890102974,100157
119195,-1.097717498580872,0.08352521061798596,100157
119225,0.8909194602964019,-0.06778996933284018,100157
119232,-1.097717498580872,0.08352521061798596,100157
119260,0.39376022057708343,-0.029961174345133644,100157
119271,-0.014360502185201855,-1.5001092938434761,100157
119309,-0.10339901914223507,0.00786762064257289,100157
119367,-0.5969008956837158,0.0586302340872273,100157
119506,-0.10339901914223507,0.00786762064257289,100157
119515,-0.001542261192680195,-0.0054540184579412645,100157
119531,0.024540136578995998,0.013434856168340734,100157
119535,-0.10339901914223507,0.00786762064257289,100157
119548,-0.6005582588615536,0.04569641563027942,100157
119553,0.8909194602964019,-0.06778996933284018,100157
119654,-0.041514297208457576,-0.022727608305275183,100157
119659,-0.10339901914223507,0.00786762064257289,100157
119661,-0.10756873099591115,-0.0588900727788911,100157
119671,-0.10756873099591115,-0.0588900727788911,100157
119677,0.09059457036644956,0.04959732064195665,100157
119701,-0.008952599667820608,-0.12572683393184983,100157
119714,-0.041514297208457576,-0.022727608305275183,100157
119786,-0.6005582588615536,0.04569641563027942,100157
119833,-1.097717498580872,0.08352521061798596,100157
119879,-0.05252977991496192,-0.061502754593939696,100157
119897,0.061897116738664465,0.8692590762250454,100157
119935,3.3767156588929943,-0.25693394427137284,100157
119986,-0.008702222198588124,-0.010188708903180787,100157
119989,-0.04437745787106315,-0.6232197890102974,100157
120249,0.024540136578995998,0.013434856168340734,100157
120304,0.39376022057708343,-0.029961174345133644,100157
120335,-0.10339901914223507,0.00786762064257289,100157
120354,-0.10339901914223507,0.00786762064257289,100157
120379,-0.01983732129206715,-0.6097849328419567,100157
120404,-0.041514297208457576,-0.022727608305275183,100157
120405,0.006257175363096651,0.022127736914392446,100157
120415,-0.11522717427754822,-1.6182056991671927,100157
120416,-0.11522717427754822,-1.6182056991671927,100157
120450,-0.09068703769855223,-1.6047708429988519,100157
120458,0.024540136578995998,0.013434856168340734,100157
120482,0.013211556659598774,0.015468313942198669,100157
120518,0.024540136578995998,0.013434856168340734,100157
120529,0.024540136578995998,0.013434856168340734,100157
120532,-0.041514297208457576,-0.022727608305275183,100157
120572,0.035125335517785676,0.041125336787578126,100157
120575,0.035125335517785676,0.041125336787578126,100157
120576,0.026472258535421928,0.37176612114659774,100157
120666,0.097321974941907,1.3667520313034929,100157
120668,-0.004142073377939144,-0.014647936915385835,100157
120670,-0.10339901914223507,0.00786762064257289,100157
120677,0.024540136578995998,0.013434856168340734,100157
120691,0.024540136578995998,0.013434856168340734,100157
120765,-1.097717498580872,0.08352521061798596,100157
120806,0.8909194602964019,-0.06778996933284018,100157
120820,-0.10339901914223507,0.00786762064257289,100157
120892,0.09059457036644956,0.04959732064195665,100157
120895,0.16817169134839208,2.361737941460388,100157
120981,-1.097717498580872,0.08352521061798596,100157
121040,-1.097717498580872,0.08352521061798596,100157
121064,-0.008952599667820608,-0.12572683393184983,100157
121107,-0.001542261192680195,-0.0054540184579412645,100157
121139,0.061897116738664465,0.8692590762250454,100157
121305,-0.10339901914223507,0.00786762064257289,100157
121381,0.026472258535421928,0.37176612114659774,100157
121535,-0.041514297208457576,-0.022727608305275183,100157
121650,0.3631442195203084,-0.06580690609369388,100157
121695,3.3767156588929943,-0.25693394427137284,100157
121723,-0.10339901914223507,0.00786762064257289,100157
121733,-0.008952599667820608,-0.12572683393184983,100157
121766,-0.041514297208457576,-0.022727608305275183,100157
121852,-0.07454151410218436,-0.04080884054208314,100157
121870,0.035125335517785676,0.041125336787578126,100157
121894,-0.10339901914223507,0.00786762064257289,100157
121930,0.026472258535421928,0.37176612114659774,100157
121939,-0.10339901914223507,0.00786762064257289,100157
122035,0.0010575509925787538,0.0037398999995033057,100157
122044,-0.008702222198588124,-0.010188708903180787,100157
122050,-0.10339901914223507,0.00786762064257289,100157
122127,0.4910821955189904,1.3367908569583593,100157
122134,0.8909194602964019,-0.06778996933284018,100157
122137,-0.07980231607430568,-1.120712744088745,100157
122222,-0.008952599667820608,-0.12572683393184983,100157
122318,-1.097717498580872,0.08352521061798596,100157
122333,-1.097717498580872,0.08352521061798596,100157
122342,-0.001542261192680195,-0.0054540184579412645,100157
122364,-1.07124524004545,0.4552913317645837,100157
122419,-0.041514297208457576,-0.022727608305275183,100157
122430,-0.008952599667820608,-0.12572683393184983,100157
122448,-0.008702222198588124,-0.010188708903180787,100157
122471,-0.008702222198588124,-0.010188708903180787,100157
122498,-0.008487080314730788,-0.004646376068467225,100157
122521,-0.07454151410218436,-0.04080884054208314,100157
122524,-0.030616001056775023,-0.03584573174856024,100157
122610,-0.10339901914223507,0.00786762064257289,100157
122648,-0.05252977991496192,-0.061502754593939696,100157
122662,-0.004142073377939144,-0.014647936915385835,100157
122679,-0.041514297208457576,-0.022727608305275183,100157
122742,0.024540136578995998,0.013434856168340734,100157
122758,-0.004142073377939144,-0.014647936915385835,100157
122860,-0.11522717427754822,-1.6182056991671927,100157
122897,-0.5760181222825576,0.059131271798620155,100157
122920,3.3767156588929943,-0.25693394427137284,100157
122995,-1.097717498580872,0.08352521061798596,100157
123019,-0.041514297208457576,-0.022727608305275183,100157
123045,0.097321974941907,1.3667520313034929,100157
123144,-0.041514297208457576,-0.022727608305275183,100157
123211,-0.05252977991496192,-0.061502754593939696,100157
123297,-0.031165901211464373,-0.6077514750680987,100157
123337,-0.07980231607430568,-1.120712744088745,100157
123360,0.024540136578995998,0.013434856168340734,100157
123365,-0.10339901914223507,0.00786762064257289,100157
123421,-0.041514297208457576,-0.022727608305275183,100157
123514,0.024540136578995998,0.013434856168340734,100157
123594,0.05756735347272278,0.03151608840514869,100157
123606,-0.15592879905719698,-0.053635133951366806,100157
123607,-0.041514297208457576,-0.022727608305275183,100157
123686,-0.008702222198588124,-0.010188708903180787,100157
123775,0.39376022057708343,-0.029961174345133644,100157
123810,-0.04437745787106315,-0.6232197890102974,100157
123817,0.026472258535421928,0.37176612114659774,100157
123820,0.05756735347272278,0.03151608840514869,100157
123926,-0.041514297208457576,-0.022727608305275183,100157
123974,-0.041514297208457576,-0.022727608305275183,100157
123977,1.8852379397350387,-0.14344755930825326,100157
124012,-0.10339901914223507,0.00786762064257289,100157
124026,2.8795564191736758,-0.2191051492836663,100157
124078,-0.06659075941470691,-1.1052444301465463,100157
124107,-0.11522717427754822,-1.6182056991671927,100157
124123,-0.10339901914223507,0.00786762064257289,100157
124126,1.5562503913641124,2.2561191771398414,100157
124127,-0.004142073377939144,-0.014647936915385835,100157
124146,-0.10339901914223507,0.00786762064257289,100157
124159,-0.041514297208457576,-0.022727608305275183,100157
124162,-0.04437745787106315,-0.6232197890102974,100157
124177,-0.006741885563198093,-0.023841855372830408,100157
124239,-0.004142073377939144,-0.014647936915385835,100157
124297,-0.013094673045759751,-0.14037477084723565,100157
124306,0.12278045095053326,0.14375342816909595,100157
124339,0.009069483281659631,0.0008203770268128335,100157
124340,-1.097717498580872,0.08352521061798596,100157
124409,0.097321974941907,1.3667520313034929,100157
124479,0.024540136578995998,0.013434856168340734,100157
124507,-0.04437745787106315,-0.6232197890102974,100157
124547,-1.097717498580872,0.08352521061798596,100157
124595,-0.001542261192680195,-0.0054540184579412645,100157
124615,0.014056611918873498,0.04970949228672616,100157
124622,0.024540136578995998,0.013434856168340734,100157
124633,0.024540136578995998,0.013434856168340734,100157
124676,-0.030616001056775023,-0.03584573174856024,100157
124689,-0.10339901914223507,0.00786762064257289,100157
124726,-0.008952599667820608,-0.12572683393184983,100157
124827,-0.6005582588615536,0.04569641563027942,100157
124831,-0.1477764770132982,-0.6153521683677246,100157
124833,-0.001542261192680195,-0.0054540184579412645,100157
124888,-0.10339901914223507,0.00786762064257289,100157
124902,0.024540136578995998,0.013434856168340734,100157
124968,-0.07980231607430568,-1.120712744088745,100157
125010,0.08157925095496857,0.08021721580129831,100157
125113,-0.001542261192680195,-0.0054540184579412645,100157
125182,-1.097717498580872,0.08352521061798596,100157
125186,0.09059457036644956,0.04959732064195665,100157
125270,0.05756735347272278,0.03151608840514869,100157
125308,0.01145679973361455,0.04051557382928159,100157
125322,-0.004142073377939144,-0.014647936915385835,100157
125417,0.014269107652177529,0.019208213941701975,100157
125439,0.8909194602964019,-0.06778996933284018,100157
125456,-0.001542261192680195,-0.0054540184579412645,100157
125585,0.026472258535421928,0.37176612114659774,100157
125641,-0.10339901914223507,0.00786762064257289,100157
125650,0.061897116738664465,0.8692590762250454,100157
125681,-0.6005582588615536,0.04569641563027942,100157
125690,0.026472258535421928,0.37176612114659774,100157
125732,0.035125335517785676,0.041125336787578126,100157
125794,-0.13170175969109385,0.0006083262794963749,100157
125814,0.0010575509925787538,0.0037398999995033057,100157
125826,0.39376022057708343,-0.029961174345133644,100157
125849,-0.04591971906374334,-0.6286738074682386,100157
125855,0.01145679973361455,0.04051557382928159,100157
125904,-0.00934169774845704,-0.03303577383027498,100157
125911,-0.6005582588615536,0.04569641563027942,100157
125978,-0.10756873099591115,-0.0588900727788911,100157
126043,-0.004142073377939144,-0.014647936915385835,100157
126055,-0.6005582588615536,0.04569641563027942,100157
126067,0.026472258535421928,0.37176612114659774,100157
126072,-0.10339901914223507,0.00786762064257289,100157
126134,0.024540136578995998,0.013434856168340734,100157
126148,-0.041514297208457576,-0.022727608305275183,100157
126177,0.013211556659598774,0.015468313942198669,100157
126467,-0.10339901914223507,0.00786762064257289,100157
126526,-0.00934169774845704,-0.03303577383027498,100157
126544,-0.008702222198588124,-0.010188708903180787,100157
126588,-0.04437745787106315,-0.6232197890102974,100157
126661,-0.08589175507952072,-0.6459473973155726,100157
126678,-1.1721610573540209,-0.0036345668213332016,100157
126740,-0.041514297208457576,-0.022727608305275183,100157
126745,0.013211556659598774,0.015468313942198669,100157
126750,1.3880787000157204,-0.10561876432054672,100157
126792,0.8909194602964019,-0.06778996933284018,100157
126929,0.8909194602964019,-0.06778996933284018,100157
126936,-0.10756873099591115,-0.0588900727788911,100157
126955,-0.001542261192680195,-0.0054540184579412645,100157
127051,-0.041514297208457576,-0.022727608305275183,100157
127109,-1.097717498580872,0.08352521061798596,100157
127116,0.09059457036644956,0.04959732064195665,100157
127167,-0.008952599667820608,-0.12572683393184983,100157
127322,0.09059457036644956,0.04959732064195665,100157
127378,-0.041514297208457576,-0.022727608305275183,100157
127390,-0.030616001056775023,-0.03584573174856024,100157
127431,-0.030616001056775023,-0.03584573174856024,100157
127453,-1.097717498580872,0.08352521061798596,100157
127471,2.8795564191736758,-0.2191051492836663,100157
127534,-0.001542261192680195,-0.0054540184579412645,100157
127542,-0.6005582588615536,0.04569641563027942,100157
127548,0.013211556659598774,0.015468313942198669,100157
127618,0.024540136578995998,0.013434856168340734,100157
127713,-0.041514297208457576,-0.022727608305275183,100157
127719,0.024540136578995998,0.013434856168340734,100157
127735,-0.10339901914223507,0.00786762064257289,100157
127788,-0.041514297208457576,-0.022727608305275183,100157
127823,0.061897116738664465,0.8692590762250454,100157
127825,0.024540136578995998,0.013434856168340734,100157
127871,0.024540136578995998,0.013434856168340734,100157
127879,-0.10339901914223507,0.00786762064257289,100157
127886,2.8795564191736758,-0.2191051492836663,100157
127941,-0.6005582588615536,0.04569641563027942,100157
127959,-0.00934169774845704,-0.03303577383027498,100157
127985,-0.008702222198588124,-0.010188708903180787,100157
128017,-0.10339901914223507,0.00786762064257289,100157
128042,0.024540136578995998,0.013434856168340734,100157
128095,0.07335391647227901,0.909774650054327,100157
128170,0.097321974941907,1.3667520313034929,100157
128175,0.01145679973361455,0.04051557382928159,100157
128182,-0.00934169774845704,-0.03303577383027498,100157
128203,0.09059457036644956,0.04959732064195665,100157
128220,-0.030616001056775023,-0.03584573174856024,100157
128233,-0.004142073377939144,-0.014647936915385835,100157
128288,0.026472258535421928,0.37176612114659774,100157
128289,-0.008952599667820608,-0.12572683393184983,100157
128297,-0.05252977991496192,-0.061502754593939696,100157
128303,-0.07980231607430568,-1.120712744088745,100157
128354,-0.11522717427754822,-1.6182056991671927,100157
128356,-0.030616001056775023,-0.03584573174856024,100157
128468,-0.07444355877314882,-0.08715977743931916,100157
128555,0.024540136578995998,0.013434856168340734,100157
128559,-0.004142073377939144,-0.014647936915385835,100157
128563,-0.008952599667820608,-0.12572683393184983,100157
128630,-1.097717498580872,0.08352521061798596,100157
128641,0.39376022057708343,-0.029961174345133644,100157
128690,0.5265070537222329,1.834283812036807,100157
128739,0.024540136578995998,0.013434856168340734,100157
128774,0.039683815195020705,0.3872344350887964,100157
128781,-0.05252977991496192,-0.061502754593939696,100157
128868,-0.6005582588615536,0.04569641563027942,100157
128893,0.5504092247309865,0.055798610770438926,100157
128997,-0.07454151410218436,-0.04080884054208314,100157
129005,0.024540136578995998,0.013434856168340734,100157
129006,-0.041514297208457576,-0.022727608305275183,100157
129090,0.8909194602964019,-0.06778996933284018,100157
129122,-0.04437745787106315,-0.6232197890102974,100157
129212,0.39376022057708343,-0.029961174345133644,100157
129226,0.026472258535421928,0.37176612114659774,100157
129253,-0.6005582588615536,0.04569641563027942,100157
129306,0.09059457036644956,0.04959732064195665,100157
129338,-0.004142073377939144,-0.014647936915385835,100157
129402,-0.006741885563198093,-0.023841855372830408,100157
129501,0.09059457036644956,0.04959732064195665,100157
129550,0.15664900415390315,0.08575978511557257,100157
129583,0.004724476344867987,0.010821937873731445,100157
129716,-0.041514297208457576,-0.022727608305275183,100157
129789,-1.097717498580872,0.08352521061798596,100157
129862,0.097321974941907,1.3667520313034929,100157
129903,1.8852379397350387,-0.14344755930825326,100157
130014,-0.10339901914223507,0.00786762064257289,100157
130028,-0.041514297208457576,-0.022727608305275183,100157
130036,-0.10756873099591115,-0.0588900727788911,100157
130104,0.014056611918873498,0.04970949228672616,100157
130110,-0.07444355877314882,-0.08715977743931916,100157
130165,-0.10756873099591115,-0.0588900727788911,100157
130254,-0.10339901914223507,0.00786762064257289,100157
130328,2.8795564191736758,-0.2191051492836663,100157
130330,0.07895289323415947,0.09243938247833704,100157
130389,0.0010575509925787538,0.0037398999995033057,100157
130441,-0.11522717427754822,-1.6182056991671927,100157
130459,0.3852731402623526,-0.03460755041360087,100157
130477,0.024540136578995998,0.013434856168340734,100157
130501,-1.097717498580872,0.08352521061798596,100157
130556,0.024540136578995998,0.013434856168340734,100157
130586,-0.04437745787106315,-0.6232197890102974,100157
130616,-0.04437745787106315,-0.6232197890102974,100157
130630,-0.6005582588615536,0.04569641563027942,100157
130640,-0.10339901914223507,0.00786762064257289,100157
130685,0.061897116738664465,0.8692590762250454,100157
130710,-0.6005582588615536,0.04569641563027942,100157
130715,-0.04437745787106315,-0.6232197890102974,100157
130716,-0.04887241673712422,-0.04856893613699182,100157
130795,0.024540136578995998,0.013434856168340734,100157
130809,0.026472258535421928,0.37176612114659774,100157
130812,-0.004142073377939144,-0.014647936915385835,100157
130818,-0.10339901914223507,0.00786762064257289,100157
130819,-0.008487080314730788,-0.004646376068467225,100157
130827,0.0036573631778377027,0.012933818456947877,100157
130832,-0.008702222198588124,-0.010188708903180787,100157
130934,-0.10339901914223507,0.00786762064257289,100157
130938,-1.097717498580872,0.08352521061798596,100157
130968,-0.10339901914223507,0.00786762064257289,100157
130988,-0.07980231607430568,-1.120712744088745,100157
130992,0.014056611918873498,0.04970949228672616,100157
131051,-1.097717498580872,0.08352521061798596,100157
131068,-0.001542261192680195,-0.0054540184579412645,100157
131086,0.09702245225645013,0.9103844130126235,100157
131098,-0.041514297208457576,-0.022727608305275183,100157
131126,-0.008702222198588124,-0.010188708903180787,100157
131137,-1.097717498580872,0.08352521061798596,100157
131180,0.39376022057708343,-0.029961174345133644,100157
131275,-0.10339901914223507,0.00786762064257289,100157
131277,-0.07614495289646799,-1.1077789256317971,100157
131327,-0.6005582588615536,0.04569641563027942,100157
131336,0.024540136578995998,0.013434856168340734,100157
131347,1.3880787000157204,-0.10561876432054672,100157
131422,0.097321974941907,1.3667520313034929,100157
131467,-0.10339901914223507,0.00786762064257289,100157
131480,-0.6005582588615536,0.04569641563027942,100157
131482,0.024540136578995998,0.013434856168340734,100157
131511,-0.10756873099591115,-0.0588900727788911,100157
131574,3.3767156588929943,-0.25693394427137284,100157
131584,-1.097717498580872,0.08352521061798596,100157
131588,1.3880787000157204,-0.10561876432054672,100157
131611,0.024540136578995998,0.013434856168340734,100157
131613,-0.030616001056775023,-0.03584573174856024,100157
131647,-0.10339901914223507,0.00786762064257289,100157
131683,-0.041514297208457576,-0.022727608305275183,100157
131721,0.07335391647227901,0.909774650054327,100157
131736,-0.008702222198588124,-0.010188708903180787,100157
131757,-0.10756873099591115,-0.0588900727788911,100157
131762,0.39376022057708343,-0.029961174345133644,100157
131795,-0.00934169774845704,-0.03303577383027498,100157
131837,0.0010575509925787538,0.0037398999995033057,100157
131891,0.024540136578995998,0.013434856168340734,100157
131894,-0.12296309002215111,-0.7250275033650023,100157
131896,-0.11522717427754822,-1.6182056991671927,100157
131909,0.026472258535421928,0.37176612114659774,100157
131961,-0.04437745787106315,-0.6232197890102974,100157
132042,-0.001542261192680195,-0.0054540184579412645,100157
132091,-0.004142073377939144,-0.014647936915385835,100157
132095,-0.008702222198588124,-0.010188708903180787,100157
132146,-0.7157854331391017,-1.5725092835369132,100157
132185,-0.008702222198588124,-0.010188708903180787,100157
132241,0.026472258535421928,0.37176612114659774,100157
132259,-0.10339901914223507,0.00786762064257289,100157
132272,0.024540136578995998,0.013434856168340734,100157
132328,-0.6005582588615536,0.04569641563027942,100157
132368,-0.030616001056775023,-0.03584573174856024,100157
132386,-0.04437745787106315,-0.6232197890102974,100157
132465,-0.10756873099591115,-0.0588900727788911,100157
132599,-0.6005582588615536,0.04569641563027942,100157
132639,0.024540136578995998,0.013434856168340734,100157
132667,-0.041514297208457576,-0.022727608305275183,100157
132682,-1.097717498580872,0.08352521061798596,100157
132774,0.013211556659598774,0.015468313942198669,100157
132887,0.09059457036644956,0.04959732064195665,100157
132941,-0.004142073377939144,-0.014647936915385835,100157
132947,0.16817169134839208,2.361737941460388,100157
132958,-0.10339901914223507,0.00786762064257289,100157
133034,-0.10756873099591115,-0.0588900727788911,100157
133077,-0.04437745787106315,-0.6232197890102974,100157
133125,-0.04851953124900229,-0.6378677259256832,100157
133179,-0.041514297208457576,-0.022727608305275183,100157
133184,-0.041514297208457576,-0.022727608305275183,100157
133324,0.061897116738664465,0.8692590762250454,100157
133329,3.3767156588929943,-0.25693394427137284,100157
133372,0.39376022057708343,-0.029961174345133644,100157
133444,0.15664900415390315,0.08575978511557257,100157
133482,-1.097717498580872,0.08352521061798596,100157
133600,-0.10339901914223507,0.00786762064257289,100157
133700,-0.10339901914223507,0.00786762064257289,100157
133703,-0.6005582588615536,0.04569641563027942,100157
133747,0.39376022057708343,-0.029961174345133644,100157
133811,-1.097717498580872,0.08352521061798596,100157
133872,-0.6005582588615536,0.04569641563027942,100157
133904,0.18967622104762993,0.10384101735238052,100157
133919,0.0010575509925787538,0.0037398999995033057,100157
134038,0.026472258535421928,0.37176612114659774,100157
134076,-0.030616001056775023,-0.03584573174856024,100157
134126,-0.04437745787106315,-0.6232197890102974,100157
134144,-0.004142073377939144,-0.014647936915385835,100157
134174,0.39376022057708343,-0.029961174345133644,100157
134175,-1.097717498580872,0.08352521061798596,100157
134181,0.026472258535421928,0.37176612114659774,100157
134240,0.12278045095053326,0.14375342816909595,100157
134291,-0.6005582588615536,0.04569641563027942,100157
134380,-0.07980231607430568,-1.120712744088745,100157
134401,0.5173820078372597,0.03771737853363096,100157
134407,-0.10756873099591115,-0.0588900727788911,100157
134409,-0.008952599667820608,-0.12572683393184983,100157
134422,3.3767156588929943,-0.25693394427137284,100157
134461,-0.6005582588615536,0.04569641563027942,100157
134521,0.10086667209234637,0.11809640532371649,100157
134567,2.43996453292708,-0.1497602658908111,100157
134644,-0.041514297208457576,-0.022727608305275183,100157
134655,-1.097717498580872,0.08352521061798596,100157
134674,-0.6005582588615536,0.04569641563027942,100157
134676,0.026472258535421928,0.37176612114659774,100157
134690,0.013211556659598774,0.015468313942198669,100157
134728,0.8909194602964019,-0.06778996933284018,100157
134774,-0.008702222198588124,-0.010188708903180787,100157
134779,-0.10756873099591115,-0.0588900727788911,100157
134857,-0.041514297208457576,-0.022727608305275183,100157
134896,-0.008952599667820608,-0.12572683393184983,100157
134952,0.057039114375972574,0.06678235963295757,100157
134995,-0.006741885563198093,-0.023841855372830408,100157
135012,0.026472258535421928,0.37176612114659774,100157
135071,0.16787216866293522,1.9053703231695187,100157
135090,0.026172735849965066,-0.0846014971442717,100157
135092,-0.10339901914223507,0.00786762064257289,100157
135155,-0.008952599667820608,-0.12572683393184983,100157
135232,-0.10339901914223507,0.00786762064257289,100157
135242,1.3880787000157204,-0.10561876432054672,100157
135349,0.024540136578995998,0.013434856168340734,100157
135397,0.026472258535421928,0.37176612114659774,100157
135425,0.48435479094353295,0.019636146296823004,100157
135483,-0.041514297208457576,-0.022727608305275183,100157
135535,-0.04437745787106315,-0.6232197890102974,100157
135550,-0.008702222198588124,-0.010188708903180787,100157
135586,-0.041514297208457576,-0.022727608305275183,100157
135610,-0.030616001056775023,-0.03584573174856024,100157
135670,-0.11522717427754822,-1.6182056991671927,100157
135687,0.024540136578995998,0.013434856168340734,100157
135771,-0.030616001056775023,-0.03584573174856024,100157
135795,0.0835113729113945,0.4385484807795553,100157
135808,0.917092196146367,-0.15239146647711188,100157
135819,0.024540136578995998,0.013434856168340734,100157
135828,0.013211556659598774,0.015468313942198669,100157
135848,0.20359654955163461,2.8592308965388358,100157
135930,0.8909194602964019,-0.06778996933284018,100157
135984,0.12278045095053326,0.14375342816909595,100157
135993,-0.043319906878484395,-0.6194798890107941,100157
136050,-0.6005582588615536,0.04569641563027942,100157
136053,-0.041514297208457576,-0.022727608305275183,100157
136054,-0.008487080314730788,-0.004646376068467225,100157
136072,-0.10339901914223507,0.00786762064257289,100157
136082,-1.097717498580872,0.08352521061798596,100157
136101,-0.008487080314730788,-0.004646376068467225,100157
136132,-0.5654329233437678,0.08682175241785754,100157
136164,-0.04437745787106315,-0.6232197890102974,100157
136191,-1.097717498580872,0.08352521061798596,100157
136210,0.026472258535421928,0.37176612114659774,100157
136262,0.01145679973361455,0.04051557382928159,100157
136463,-0.041514297208457576,-0.022727608305275183,100157
136479,-0.10339901914223507,0.00786762064257289,100157
136485,-0.006741885563198093,-0.023841855372830408,100157
136564,-0.03475807443471417,-0.05049366866394608,100157
136597,-0.07454151410218436,-0.04080884054208314,100157
136599,-0.008487080314730788,-0.004646376068467225,100157
136642,0.0088569875483556,0.031321655371837016,100157
136673,0.8909194602964019,-0.06778996933284018,100157
136679,-0.041514297208457576,-0.022727608305275183,100157
136701,0.8909194602964019,-0.06778996933284018,100157
136797,0.13274683314514954,1.8642449863819406,100157
136806,-0.004142073377939144,-0.014647936915385835,100157
136877,0.024540136578995998,0.013434856168340734,100157
136886,0.39376022057708343,-0.029961174345133644,100157
136910,-0.10756873099591115,-0.0588900727788911,100157
136919,-0.008952599667820608,-0.12572683393184983,100157
137051,-0.6005582588615536,0.04569641563027942,100157
137074,-0.10756873099591115,-0.0588900727788911,100157
137083,-1.097717498580872,0.08352521061798596,100157
137131,-0.6005582588615536,0.04569641563027942,100157
137169,-0.10339901914223507,0.00786762064257289,100157
137191,0.026472258535421928,0.37176612114659774,100157
137202,-0.10339901914223507,0.00786762064257289,100157
137277,-0.008952599667820608,-0.12572683393184983,100157
137343,-0.08724800754893432,-0.029694836154789614,100157
137377,0.05756735347272278,0.03151608840514869,100157
137440,-0.030616001056775023,-0.03584573174856024,100157
137493,-0.004142073377939144,-0.014647936915385835,100157
137550,-0.004142073377939144,-0.014647936915385835,100157
137606,0.09059457036644956,0.04959732064195665,100157
137648,-0.07980231607430568,-1.120712744088745,100157
137664,0.024540136578995998,0.013434856168340734,100157
137686,-0.031165901211464373,-0.6077514750680987,100157
137800,0.0036573631778377027,0.012933818456947877,100157
137830,-0.6005582588615536,0.04569641563027942,100157
137854,-0.008952599667820608,-0.12572683393184983,100157
137885,0.024540136578995998,0.013434856168340734,100157
137926,-0.041514297208457576,-0.022727608305275183,100157
137931,-0.10339901914223507,0.00786762064257289,100157
137934,-0.041514297208457576,-0.022727608305275183,100157
137959,-1.097717498580872,0.08352521061798596,100157
137993,-0.004142073377939144,-0.014647936915385835,100157
138072,-0.11210124134082318,-0.002321088260607897,100157
138103,0.0036573631778377027,0.012933818456947877,100157
138123,-0.10339901914223507,0.00786762064257289,100157
138295,0.013211556659598774,0.015468313942198669,100157
138305,1.8852379397350387,-0.14344755930825326,100157
138411,-1.097717498580872,0.08352521061798596,100157
138486,-0.030616001056775023,-0.03584573174856024,100157
218,0.14457232301259995,-0.07433705864727005,2588
383,-0.6998521599929642,0.47251532623166614,2588
388,0.43065405649645194,-0.22143626931740878,2588
422,0.739788548705309,0.35168357000914396,2588
440,-1.7772078004326048,1.0909238452153298,2588
662,0.309134492208857,0.5731198393265527,2588
741,0.9487922401298406,0.4957245960014195,2588
775,-0.4530775780487699,-0.3145685245267352,2588
856,0.309134492208857,0.5731198393265527,2588
907,0.435121436807647,0.6605916745975688,2588
1210,0.02672734261862046,0.01821251976108955,2588
1254,0.12598694459878998,0.087471835271016,2588
1507,0.43065405649645194,-0.22143626931740878,2588
1711,0.12598694459878998,0.087471835271016,2588
1811,0.06999078679959037,0.04825001987434289,2588
1906,-0.48380455545338213,0.2969792985600346,2588
1984,-0.06121958542209285,0.3159856499575802,2588
2026,0.309134492208857,0.5731198393265527,2588
2034,0.309134492208857,0.5731198393265527,2588
2038,0.07763976738167358,0.14394023355075103,2588
2484,0.16762508173760501,0.6458819913494214,2588
2529,-0.141509410471252,0.07276215202286868,2588
2568,0.916901992597121,-0.5199154162409347,2588
2581,0.43065405649645194,-0.22143626931740878,2588
2611,0.309134492208857,0.5731198393265527,2588
3069,-0.6168444070998766,-1.1435985837766542,2588
3260,0.309134492208857,0.5731198393265527,2588
3318,0.47391750067742183,-0.19139876920415544,2588
3452,0.07763976738167358,0.14394023355075103,2588
3513,-0.28763055749031036,-0.19969984051779732,2588
3592,0.453706815221457,0.49878278067928267,2588
3664,0.916901992597121,-0.5199154162409347,2588
3671,0.486247936100669,-0.29847914692352595,2588
3858,0.14457232301259995,-0.07433705864727005,2588
4126,0.43065405649645194,-0.22143626931740878,2588
4222,-0.42759114395510395,0.2198613626930074,2588
4329,0.43065405649645194,-0.22143626931740878,2588
4358,0.556641001095242,-0.1339644340463928,2588
4450,-0.11845665174624695,0.7929812020195601,2588
4728,0.486247936100669,-0.29847914692352595,2588
4877,-1.3113286367740702,-2.4311375034284515,2588
4896,0.486247936100669,-0.29847914692352595,2588
4921,0.14457232301259995,-0.07433705864727005,2588
5015,0.14457232301259995,-0.07433705864727005,2588
5063,0.16289710558265197,-0.09999299842900577,2588
5066,0.14457232301259995,-0.07433705864727005,2588
5155,-0.28763055749031036,-0.19969984051779732,2588
5352,0.08301674682574171,0.05656919072125954,2588
5378,0.43065405649645194,-0.22143626931740878,2588
5452,-0.03946005623685015,-0.027396835044509328,2588
5626,-1.1305062164894162,0.6939515955490749,2588
5749,0.486247936100669,-0.29847914692352595,2588
5763,-0.42759114395510395,0.2198613626930074,2588
5768,0.14457232301259995,-0.07433705864727005,2588
5843,0.12598694459878998,0.087471835271016,2588
5952,0.27055926761138993,0.01313477662374594,2588
6034,0.486247936100669,-0.29847914692352595,2588
6103,0.08301674682574171,0.05656919072125954,2588
6112,0.04326344418096991,0.03003750011325334,2588
6122,-0.11845665174624695,0.7929812020195601,2588
6256,-0.48380455545338213,0.2969792985600346,2588
6302,0.309134492208857,0.5731198393265527,2588
6355,0.12598694459878998,0.087471835271016,2588
6369,-0.12218355665467022,-0.084831170202272,2588
6385,-1.1305062164894162,0.6939515955490749,2588
6624,0.04326344418096991,0.03003750011325334,2588
6704,0.486247936100669,-0.29847914692352595,2588
7194,-0.28763055749031036,-0.19969984051779732,2588
7292,0.309134492208857,0.5731198393265527,2588
7296,0.486247936100669,-0.29847914692352595,2588
7430,-2.2103401284363033,-1.3080063021035746,2588
7479,0.309134492208857,0.5731198393265527,2588
7541,0.486247936100669,-0.29847914692352595,2588
7554,0.309134492208857,0.5731198393265527,2588
7744,-0.7136728774389559,0.36696057336314614,2588
7780,0.07763976738167358,0.14394023355075103,2588
8405,-0.41854899581796184,-0.16537100796104912,2588
8497,0.43065405649645194,-0.22143626931740878,2588
8556,0.43065405649645194,-0.22143626931740878,2588
8644,0.02672734261862046,0.01821251976108955,2588
8692,-0.16045372493536508,0.0984931500655144,2588
8882,0.04326344418096991,0.03003750011325334,2588
9055,-0.141509410471252,0.07276215202286868,2588
9087,0.02672734261862046,0.01821251976108955,2588
9118,-0.42759114395510395,0.2198613626930074,2588
9544,0.14457232301259995,-0.07433705864727005,2588
9545,0.02672734261862046,0.01821251976108955,2588
9628,0.43065405649645194,-0.22143626931740878,2588
10021,-0.48380455545338213,0.2969792985600346,2588
10417,-0.9997546109228079,0.5140597840332849,2588
10426,0.309134492208857,0.5731198393265527,2588
10457,0.486247936100669,-0.29847914692352595,2588
10481,0.04326344418096991,0.03003750011325334,2588
10514,0.630820259113269,-0.372816205570796,2588
10591,0.43065405649645194,-0.22143626931740878,2588
10616,-0.264694038372452,0.11986836426400163,2588
10781,0.486247936100669,-0.29847914692352595,2588
10789,0.916901992597121,-0.5199154162409347,2588
10807,0.16289710558265197,-0.09999299842900577,2588
11237,-1.2858364126138602,0.6611590297746084,2588
11570,0.486247936100669,-0.29847914692352595,2588
11599,-0.1984302742098646,-0.13521416407959042,2588
11900,-1.160068278077917,0.6738074443499945,2588
12131,0.16289710558265197,-0.09999299842900577,2588
12265,0.486247936100669,-0.29847914692352595,2588
12384,0.14457232301259995,-0.07433705864727005,2588
12710,-0.141509410471252,0.07276215202286868,2588
12730,0.486247936100669,-0.29847914692352595,2588
12951,0.43065405649645194,-0.22143626931740878,2588
13002,0.309134492208857,0.5731198393265527,2588
13174,0.916901992597121,-0.5199154162409347,2588
13399,-0.141509410471252,0.07276215202286868,2588
13494,0.43065405649645194,-0.22143626931740878,2588
13623,-0.37035407763094985,-0.2571341893689726,2588
13629,0.16289710558265197,-0.09999299842900577,2588
13700,0.24053687296432555,0.043947235121745254,2588
13730,0.309134492208857,0.5731198393265527,2588
13944,-0.15385495744550984,-0.28523937222505075,2588
13965,-0.48380455545338213,0.2969792985600346,2588
14022,0.486247936100669,-0.29847914692352595,2588
14041,-1.3657674995065303,-0.2451193029914004,2588
14166,-1.4538569699145878,0.8924376967208096,2588
14280,-0.42759114395510395,0.2198613626930074,2588
14305,-0.141509410471252,0.07276215202286868,2588
14345,0.08301674682574171,0.05656919072125954,2588
14478,-2.144081613065416,1.1024566617850247,2588
14627,-1.2858364126138602,0.6611590297746084,2588
14808,0.309134492208857,0.5731198393265527,2588
14867,-0.141509410471252,0.07276215202286868,2588
15094,0.739788548705309,0.35168357000914396,2588
15452,0.486247936100669,-0.29847914692352595,2588
15613,-0.141509410471252,0.07276215202286868,2588
15616,0.486247936100669,-0.29847914692352595,2588
15645,0.486247936100669,-0.29847914692352595,2588
15657,0.486247936100669,-0.29847914692352595,2588
15661,0.309134492208857,0.5731198393265527,2588
15709,0.04326344418096991,0.03003750011325334,2588
15812,0.16289710558265197,-0.09999299842900577,2588
15813,0.02672734261862046,0.01821251976108955,2588
15833,-0.48380455545338213,0.2969792985600346,2588
15911,0.02672734261862046,0.01821251976108955,2588
15974,0.309134492208857,0.5731198393265527,2588
16005,-2.1302608274122243,1.20801137958236,2588
16041,-1.4538569699145878,0.8924376967208096,2588
16128,0.12598694459878998,0.087471835271016,2588
16161,0.486247936100669,-0.29847914692352595,2588
16204,-0.48380455545338213,0.2969792985600346,2588
16275,0.43065405649645194,-0.22143626931740878,2588
16310,-2.7769624113554126,1.6049836292486146,2588
16383,-0.18619035060342473,-1.365034853094063,2588
16394,0.43065405649645194,-0.22143626931740878,2588
16485,0.12598694459878998,0.087471835271016,2588
16509,0.309134492208857,0.5731198393265527,2588
16614,-0.029562061588500797,-0.02014415119908044,2588
16643,-0.16045372493536508,0.0984931500655144,2588
16732,-0.11845665174624695,0.7929812020195601,2588
16936,-0.141509410471252,0.07276215202286868,2588
16938,-0.7037668089144602,-1.6471152481997262,2588
17022,-0.141509410471252,0.07276215202286868,2588
17031,0.43065405649645194,-0.22143626931740878,2588
17042,-0.7583538175711286,-1.0708364317537855,2588
17127,0.486247936100669,-0.29847914692352595,2588
17133,0.07763976738167358,0.14394023355075103,2588
17176,0.12598694459878998,0.087471835271016,2588
17183,-1.5719181460977123,0.8082582404447471,2588
17244,0.14457232301259995,-0.07433705864727005,2588
17455,0.02672734261862046,0.01821251976108955,2588
17485,0.309134492208857,0.5731198393265527,2588
17602,0.8657754933040989,0.43915540528016006,2588
17801,-1.7743180864284371,-3.289496714980055,2588
17808,-0.16045372493536508,0.0984931500655144,2588
17818,0.43065405649645194,-0.22143626931740878,2588
17851,0.14457232301259995,-0.07433705864727005,2588
17893,0.12598694459878998,0.087471835271016,2588
18073,-1.1305062164894162,0.6939515955490749,2588
18094,-0.5507757718563039,0.26696757493414036,2588
18177,0.916901992597121,-0.5199154162409347,2588
18197,0.486247936100669,-0.29847914692352595,2588
18307,0.309134492208857,0.5731198393265527,2588
18390,-1.0444355510549805,-0.9237372210836469,2588
18588,-1.8660416054895195,0.07956365278391186,2588
18611,0.16289710558265197,-0.09999299842900577,2588
18671,-0.7136728774389559,0.36696057336314614,2588
18796,0.07763976738167358,0.14394023355075103,2588
18805,0.486247936100669,-0.29847914692352595,2588
18992,0.16289710558265197,-0.09999299842900577,2588
19107,0.12598694459878998,0.087471835271016,2588
19163,0.6711909294607775,-0.17748903419566353,2588
19290,0.486247936100669,-0.29847914692352595,2588
19566,0.486247936100669,-0.29847914692352595,2588
19585,0.02672734261862046,0.01821251976108955,2588
19711,0.43065405649645194,-0.22143626931740878,2588
19969,0.16289710558265197,-0.09999299842900577,2588
20111,0.14457232301259995,-0.07433705864727005,2588
20117,-0.141509410471252,0.07276215202286868,2588
20134,0.43065405649645194,-0.22143626931740878,2588
20159,0.309134492208857,0.5731198393265527,2588
20204,0.20900369142453168,0.14404102599227553,2588
20383,-0.9997546109228079,0.5140597840332849,2588
20456,-0.42759114395510395,0.2198613626930074,2588
20515,0.309134492208857,0.5731198393265527,2588
20625,0.486247936100669,-0.29847914692352595,2588
20685,0.16289710558265197,-0.09999299842900577,2588
21024,-1.284361173934926,0.4087122233240242,2588
21070,-0.1984302742098646,-0.13521416407959042,2588
21078,0.43065405649645194,-0.22143626931740878,2588
21132,0.12598694459878998,0.087471835271016,2588
21310,0.16289710558265197,-0.09999299842900577,2588
21375,-0.9997546109228079,0.5140597840332849,2588
21408,0.12598694459878998,0.087471835271016,2588
21510,-0.4235878910383496,-0.28864084792027034,2588
21714,0.3323929786551592,-0.5837185191485766,2588
21737,0.309134492208857,0.5731198393265527,2588
22188,0.309134492208857,0.5731198393265527,2588
22195,0.309134492208857,0.5731198393265527,2588
22213,-0.9997546109228079,0.5140597840332849,2588
22345,-1.7743180864284371,-3.289496714980055,2588
22501,0.7953824283095261,0.2746406924030268,2588
22628,-0.8483391319270601,-1.5727781895524562,2588
22697,0.16289710558265197,-0.09999299842900577,2588
22705,-0.9997546109228079,0.5140597840332849,2588
22762,0.309134492208857,0.5731198393265527,2588
23034,0.309134492208857,0.5731198393265527,2588
23286,-1.7772078004326048,1.0909238452153298,2588
23333,0.916901992597121,-0.5199154162409347,2588
23428,0.14457232301259995,-0.07433705864727005,2588
23599,0.43065405649645194,-0.22143626931740878,2588
23715,0.486247936100669,-0.29847914692352595,2588
23808,0.486247936100669,-0.29847914692352595,2588
23861,0.06999078679959037,0.04825001987434289,2588
24109,0.43065405649645194,-0.22143626931740878,2588
24143,0.916901992597121,-0.5199154162409347,2588
24375,0.486247936100669,-0.29847914692352595,2588
24397,0.486247936100669,-0.29847914692352595,2588
24688,0.43065405649645194,-0.22143626931740878,2588
24718,-0.25471967841698584,-0.1735708350397604,2588
24853,0.486247936100669,-0.29847914692352595,2588
25093,0.12598694459878998,0.087471835271016,2588
25101,0.556641001095242,-0.1339644340463928,2588
25102,0.486247936100669,-0.29847914692352595,2588
25237,-0.16045372493536508,0.0984931500655144,2588
25315,0.435121436807647,0.6605916745975688,2588
25411,0.309134492208857,0.5731198393265527,2588
25666,0.14457232301259995,-0.07433705864727005,2588
25723,-1.7772078004326048,1.0909238452153298,2588
25802,0.43065405649645194,-0.22143626931740878,2588
26012,-0.141509410471252,0.07276215202286868,2588
26062,0.486247936100669,-0.29847914692352595,2588
26150,-1.7743180864284371,-3.289496714980055,2588
26376,-0.4045383852300989,0.9400804126896989,2588
26391,0.43065405649645194,-0.22143626931740878,2588
26437,0.12598694459878998,0.087471835271016,2588
26651,0.3921512390345987,0.6296890300478123,2588
26849,0.04326344418096991,0.03003750011325334,2588
26888,-0.9997546109228079,0.5140597840332849,2588
26957,0.435121436807647,0.6605916745975688,2588
26997,0.02672734261862046,0.01821251976108955,2588
27073,0.07763976738167358,0.14394023355075103,2588
27252,0.43065405649645194,-0.22143626931740878,2588
27302,0.43065405649645194,-0.22143626931740878,2588
27469,0.16289710558265197,-0.09999299842900577,2588
27700,0.309134492208857,0.5731198393265527,2588
27712,0.309134492208857,0.5731198393265527,2588
27731,0.486247936100669,-0.29847914692352595,2588
27764,0.43065405649645194,-0.22143626931740878,2588
27921,0.07763976738167358,0.14394023355075103,2588
28039,0.309134492208857,0.5731198393265527,2588
28042,0.12598694459878998,0.087471835271016,2588
28131,-1.3113286367740702,-2.4311375034284515,2588
28239,0.309134492208857,0.5731198393265527,2588
28295,0.12598694459878998,0.087471835271016,2588
28304,0.309134492208857,0.5731198393265527,2588
28500,-0.42759114395510395,0.2198613626930074,2588
28529,0.14457232301259995,-0.07433705864727005,2588
28688,0.916901992597121,-0.5199154162409347,2588
28823,0.486247936100669,-0.29847914692352595,2588
28861,0.12598694459878998,0.087471835271016,2588
28906,-0.16045372493536508,0.0984931500655144,2588
29096,0.14457232301259995,-0.07433705864727005,2588
29511,0.309134492208857,0.5731198393265527,2588
29549,0.486247936100669,-0.29847914692352595,2588
29575,0.48580279047547376,-0.362634615550184,2588
29601,0.14457232301259995,-0.07433705864727005,2588
29656,0.14457232301259995,-0.07433705864727005,2588
29663,-0.7136728774389559,0.36696057336314614,2588
29763,0.309134492208857,0.5731198393265527,2588
29870,-0.48380455545338213,0.2969792985600346,2588
29879,0.14457232301259995,-0.07433705864727005,2588
30241,-0.7136728774389559,0.36696057336314614,2588
30303,0.916901992597121,-0.5199154162409347,2588
30313,0.43065405649645194,-0.22143626931740878,2588
30510,0.7953824283095261,0.2746406924030268,2588
30609,0.43065405649645194,-0.22143626931740878,2588
30626,0.43065405649645194,-0.22143626931740878,2588
30816,0.486247936100669,-0.29847914692352595,2588
30967,-0.15385495744550984,-0.28523937222505075,2588
31088,-0.9997546109228079,0.5140597840332849,2588
31122,0.14457232301259995,-0.07433705864727005,2588
31190,0.486247936100669,-0.29847914692352595,2588
31217,0.309134492208857,0.5731198393265527,2588
31321,0.14457232301259995,-0.07433705864727005,2588
31324,-0.42759114395510395,0.2198613626930074,2588
31405,0.12598694459878998,0.087471835271016,2588
31434,0.43065405649645194,-0.22143626931740878,2588
31476,-1.5719181460977123,0.8082582404447471,2588
31601,1.042888937195911,-0.43244358096991875,2588
31606,-0.48380455545338213,0.2969792985600346,2588
31612,-0.42759114395510395,0.2198613626930074,2588
31653,0.02672734261862046,0.01821251976108955,2588
31673,0.061758365458908455,0.16809632496899538,2588
31921,-0.15385495744550984,-0.28523937222505075,2588
32027,0.7953824283095261,0.2746406924030268,2588
32088,0.556641001095242,-0.1339644340463928,2588
32093,0.593551162079104,-0.32142926774641456,2588
32116,0.43065405649645194,-0.22143626931740878,2588
32748,0.34473852562941704,-0.22571699490065728,2588
32803,-1.079833911946887,-2.0019578976526495,2588
33082,0.02672734261862046,0.01821251976108955,2588
33092,0.43065405649645194,-0.22143626931740878,2588
33395,0.486247936100669,-0.29847914692352595,2588
33402,0.02672734261862046,0.01821251976108955,2588
33624,0.16289710558265197,-0.09999299842900577,2588
33775,0.16289710558265197,-0.09999299842900577,2588
33991,0.486247936100669,-0.29847914692352595,2588
34062,0.916901992597121,-0.5199154162409347,2588
34402,-0.9997546109228079,0.5140597840332849,2588
34440,0.486247936100669,-0.29847914692352595,2588
34461,0.16289710558265197,-0.09999299842900577,2588
34484,0.739788548705309,0.35168357000914396,2588
34501,0.16289710558265197,-0.09999299842900577,2588
34576,-0.151745618243171,-0.10497532140135243,2588
34632,0.43065405649645194,-0.22143626931740878,2588
34700,-0.029562061588500797,-0.02014415119908044,2588
34727,-0.141509410471252,0.07276215202286868,2588
34867,0.07763976738167358,0.14394023355075103,2588
35055,0.43065405649645194,-0.22143626931740878,2588
35098,0.8228052955310506,0.4082527607304035,2588
35128,0.486247936100669,-0.29847914692352595,2588
35178,0.14457232301259995,-0.07433705864727005,2588
35258,0.20900369142453168,0.14404102599227553,2588
35282,0.45738139911507236,-0.20322374955631925,2588
35483,0.309134492208857,0.5731198393265527,2588
35675,0.309134492208857,0.5731198393265527,2588
35834,0.27055926761138993,0.01313477662374594,2588
35841,0.309134492208857,0.5731198393265527,2588
36003,0.309134492208857,0.5731198393265527,2588
36229,-1.2858364126138602,0.6611590297746084,2588
36276,-0.12218355665467022,-0.084831170202272,2588
36312,0.593551162079104,-0.32142926774641456,2588
36408,0.486247936100669,-0.29847914692352595,2588
36482,-0.7136728774389559,0.36696057336314614,2588
36558,0.02672734261862046,0.01821251976108955,2588
36606,0.486247936100669,-0.29847914692352595,2588
36686,0.43065405649645194,-0.22143626931740878,2588
36727,-0.16045372493536508,0.0984931500655144,2588
37042,0.07763976738167358,0.14394023355075103,2588
37074,0.309134492208857,0.5731198393265527,2588
37110,-0.48380455545338213,0.2969792985600346,2588
37145,0.486247936100669,-0.29847914692352595,2588
37253,0.916901992597121,-0.5199154162409347,2588
37283,0.43065405649645194,-0.22143626931740878,2588
37650,0.24547057684057574,-1.0872351835716485,2588
37677,-0.8483391319270601,-1.5727781895524562,2588
37859,0.14457232301259995,-0.07433705864727005,2588
37899,-2.490880677871561,1.4578844185784758,2588
38069,-0.7136728774389559,0.36696057336314614,2588
38251,0.14457232301259995,-0.07433705864727005,2588
38420,0.43065405649645194,-0.22143626931740878,2588
38483,-0.8483391319270601,-1.5727781895524562,2588
38671,-0.9997546109228079,0.5140597840332849,2588
38763,-0.7136728774389559,0.36696057336314614,2588
38965,0.14457232301259995,-0.07433705864727005,2588
39041,0.43065405649645194,-0.22143626931740878,2588
39061,0.14457232301259995,-0.07433705864727005,2588
39390,0.486247936100669,-0.29847914692352595,2588
39440,0.486247936100669,-0.29847914692352595,2588
39573,0.309134492208857,0.5731198393265527,2588
40174,0.486247936100669,-0.29847914692352595,2588
40215,-0.42759114395510395,0.2198613626930074,2588
40285,0.08301674682574171,0.05656919072125954,2588
40288,-1.4538569699145878,0.8924376967208096,2588
40316,0.3523979363898269,0.6031573394398061,2588
40455,0.14457232301259995,-0.07433705864727005,2588
40478,0.43065405649645194,-0.22143626931740878,2588
40619,0.309134492208857,0.5731198393265527,2588
40642,0.739788548705309,0.35168357000914396,2588
40755,0.12598694459878998,0.087471835271016,2588
40768,0.7084600264949426,-0.22887597202004498,2588
41158,-0.42759114395510395,0.2198613626930074,2588
41201,0.43065405649645194,-0.22143626931740878,2588
41267,0.43065405649645194,-0.22143626931740878,2588
41303,-0.8129408262277972,-0.49455761530784514,2588
41630,0.486247936100669,-0.29847914692352595,2588
41666,0.12598694459878998,0.087471835271016,2588
41819,-0.8071553859713991,0.49546544705455475,2588
41877,0.02672734261862046,0.01821251976108955,2588
42033,0.14457232301259995,-0.07433705864727005,2588
42045,-0.9997546109228079,0.5140597840332849,2588
42153,-0.5507757718563039,0.26696757493414036,2588
42229,-0.16045372493536508,0.0984931500655144,2588
42322,-0.42759114395510395,0.2198613626930074,2588
42396,0.309134492208857,0.5731198393265527,2588
42569,0.309134492208857,0.5731198393265527,2588
42726,0.43065405649645194,-0.22143626931740878,2588
42791,-0.12218355665467022,-0.084831170202272,2588
42803,0.309134492208857,0.5731198393265527,2588
42871,0.486247936100669,-0.29847914692352595,2588
42909,0.16289710558265197,-0.09999299842900577,2588
42929,0.02672734261862046,0.01821251976108955,2588
42957,0.16289710558265197,-0.09999299842900577,2588
42991,0.486247936100669,-0.29847914692352595,2588
43045,0.309134492208857,0.5731198393265527,2588
43209,-0.8071553859713991,0.49546544705455475,2588
43259,0.12598694459878998,0.087471835271016,2588
43380,0.309134492208857,0.5731198393265527,2588
43547,0.43065405649645194,-0.22143626931740878,2588
43591,0.309134492208857,0.5731198393265527,2588
43940,0.309134492208857,0.5731198393265527,2588
44085,-0.42759114395510395,0.2198613626930074,2588
44268,0.021387695111399964,-0.0272308464061371,2588
44296,0.08301674682574171,0.05656919072125954,2588
44620,0.43065405649645194,-0.22143626931740878,2588
44781,0.43065405649645194,-0.22143626931740878,2588
44843,0.43065405649645194,-0.22143626931740878,2588
45039,0.16289710558265197,-0.09999299842900577,2588
45238,-0.48380455545338213,0.2969792985600346,2588
45272,0.16289710558265197,-0.09999299842900577,2588
45291,0.43065405649645194,-0.22143626931740878,2588
45357,0.486247936100669,-0.29847914692352595,2588
45391,0.486247936100669,-0.29847914692352595,2588
45987,0.18783576719356987,-0.04429955853401672,2588
46396,0.43065405649645194,-0.22143626931740878,2588
46448,-0.3110090826241071,-0.21192750599993038,2588
46470,1.226036484805978,0.05320442308561801,2588
46628,0.486247936100669,-0.29847914692352595,2588
46641,0.8657754933040989,0.43915540528016006,2588
46645,0.486247936100669,-0.29847914692352595,2588
46647,0.486247936100669,-0.29847914692352595,2588
46909,0.309134492208857,0.5731198393265527,2588
46929,0.43065405649645194,-0.22143626931740878,2588
47015,-0.42759114395510395,0.2198613626930074,2588
47178,0.43065405649645194,-0.22143626931740878,2588
47197,0.43065405649645194,-0.22143626931740878,2588
47199,-0.42759114395510395,0.2198613626930074,2588
47288,0.43065405649645194,-0.22143626931740878,2588
47292,0.43065405649645194,-0.22143626931740878,2588
47335,0.02672734261862046,0.01821251976108955,2588
47576,0.309134492208857,0.5731198393265527,2588
47635,0.486247936100669,-0.29847914692352595,2588
47661,0.486247936100669,-0.29847914692352595,2588
47840,0.43065405649645194,-0.22143626931740878,2588
47866,0.12598694459878998,0.087471835271016,2588
48084,0.309134492208857,0.5731198393265527,2588
48305,0.04326344418096991,0.03003750011325334,2588
48410,0.43065405649645194,-0.22143626931740878,2588
48430,0.3921512390345987,0.6296890300478123,2588
48465,0.43065405649645194,-0.22143626931740878,2588
48498,-4.244640244016038,2.3918666554948746,2588
48588,0.43065405649645194,-0.22143626931740878,2588
48734,0.309134492208857,0.5731198393265527,2588
48783,0.486247936100669,-0.29847914692352595,2588
48874,0.04326344418096991,0.03003750011325334,2588
48930,-0.7136728774389559,0.36696057336314614,2588
48944,-0.28763055749031036,-0.19969984051779732,2588
48961,-0.38534968227269323,-0.7144189780008525,2588
49090,0.486247936100669,-0.29847914692352595,2588
49099,0.12598694459878998,0.087471835271016,2588
49129,-0.20490705707249027,-0.14226550536003466,2588
49183,0.12598694459878998,0.087471835271016,2588
49201,-0.9767019204050033,1.234278869101161,2588
49229,-0.9113956994084861,0.516840661253042,2588
49273,0.43065405649645194,-0.22143626931740878,2588
49277,0.486247936100669,-0.29847914692352595,2588
49798,0.486247936100669,-0.29847914692352595,2588
49905,-1.1305062164894162,0.6939515955490749,2588
50168,0.309134492208857,0.5731198393265527,2588
50207,0.486247936100669,-0.29847914692352595,2588
50297,0.12598694459878998,0.087471835271016,2588
50312,0.309134492208857,0.5731198393265527,2588
50367,0.14457232301259995,-0.07433705864727005,2588
50383,0.486247936100669,-0.29847914692352595,2588
50441,0.43065405649645194,-0.22143626931740878,2588
50603,0.12598694459878998,0.087471835271016,2588
50666,0.309134492208857,0.5731198393265527,2588
50816,-1.38414021039365,-1.944781049236954,2588
50923,-2.100558630950622,1.28940999370985,2588
50943,0.16289710558265197,-0.09999299842900577,2588
51075,0.16289710558265197,-0.09999299842900577,2588
51149,0.486247936100669,-0.29847914692352595,2588
51219,-1.5719181460977123,0.8082582404447471,2588
51332,0.593551162079104,-0.32142926774641456,2588
51448,0.309134492208857,0.5731198393265527,2588
51631,-0.38534968227269323,-0.7144189780008525,2588
51646,0.309134492208857,0.5731198393265527,2588
51703,0.486247936100669,-0.29847914692352595,2588
51989,-1.7803601121998907,1.0992976846656368,2588
51995,-2.0929917985852593,1.1566244768291631,2588
52004,0.12598694459878998,0.087471835271016,2588
52095,0.12598694459878998,0.087471835271016,2588
52111,0.486247936100669,-0.29847914692352595,2588
52119,-1.7772078004326048,1.0909238452153298,2588
52306,0.02672734261862046,0.01821251976108955,2588
52345,-0.28763055749031036,-0.19969984051779732,2588
52346,0.14457232301259995,-0.07433705864727005,2588
52406,0.9487922401298406,0.4957245960014195,2588
52512,0.14457232301259995,-0.07433705864727005,2588
52636,0.309134492208857,0.5731198393265527,2588
52645,-2.8570417123794916,-0.9110340524373197,2588
52764,0.12598694459878998,0.087471835271016,2588
53101,-0.6963587648968004,-0.9263464840007829,2588
53304,-0.48380455545338213,0.2969792985600346,2588
53364,0.435121436807647,0.6605916745975688,2588
53407,-0.48380455545338213,0.2969792985600346,2588
53679,-0.4530775780487699,-0.3145685245267352,2588
53902,-1.2858364126138602,0.6611590297746084,2588
54014,0.309134492208857,0.5731198393265527,2588
54074,-0.9997546109228079,0.5140597840332849,2588
54097,-0.1984302742098646,-0.13521416407959042,2588
54248,0.27020033156108686,-0.12294311925189438,2588
54465,-1.199733709139131,0.03204656876575839,2588
54478,0.16289710558265197,-0.09999299842900577,2588
54688,0.453706815221457,0.49878278067928267,2588
54693,0.3921512390345987,0.6296890300478123,2588
54978,0.02672734261862046,0.01821251976108955,2588
55076,0.43065405649645194,-0.22143626931740878,2588
55147,0.486247936100669,-0.29847914692352595,2588
55441,0.43065405649645194,-0.22143626931740878,2588
55668,0.43065405649645194,-0.22143626931740878,2588
55765,-0.141509410471252,0.07276215202286868,2588
55880,0.486247936100669,-0.29847914692352595,2588
56193,-0.42759114395510395,0.2198613626930074,2588
56257,0.05865679214556508,-0.07861778423051854,2588
56299,0.43065405649645194,-0.22143626931740878,2588
56434,0.12598694459878998,0.087471835271016,2588
56472,0.435121436807647,0.6605916745975688,2588
56500,-0.16045372493536508,0.0984931500655144,2588
56772,0.5692646829264107,-0.2419099562022664,2588
56925,0.486247936100669,-0.29847914692352595,2588
56992,-0.9997546109228079,0.5140597840332849,2588
57017,0.02672734261862046,0.01821251976108955,2588
57083,0.43065405649645194,-0.22143626931740878,2588
57104,-0.8071553859713991,0.49546544705455475,2588
57158,-1.7772078004326048,1.0909238452153298,2588
57422,0.486247936100669,-0.29847914692352595,2588
57481,0.916901992597121,-0.5199154162409347,2588
57702,0.07763976738167358,0.14394023355075103,2588
57818,-1.1305062164894162,0.6939515955490749,2588
57924,0.02672734261862046,0.01821251976108955,2588
58202,0.14457232301259995,-0.07433705864727005,2588
58228,0.309134492208857,0.5731198393265527,2588
58431,-0.16045372493536508,0.0984931500655144,2588
58482,-0.141509410471252,0.07276215202286868,2588
58581,-0.15385495744550984,-0.28523937222505075,2588
58648,-0.9997546109228079,0.5140597840332849,2588
58831,0.916901992597121,-0.5199154162409347,2588
58922,0.16289710558265197,-0.09999299842900577,2588
58975,0.43065405649645194,-0.22143626931740878,2588
59029,-1.079833911946887,-2.0019578976526495,2588
59213,0.309134492208857,0.5731198393265527,2588
59287,0.12598694459878998,0.087471835271016,2588
59369,-0.28763055749031036,-0.19969984051779732,2588
59503,-0.8129408262277972,-0.49455761530784514,2588
59697,0.556641001095242,-0.1339644340463928,2588
59761,-0.9997546109228079,0.5140597840332849,2588
59812,0.309134492208857,0.5731198393265527,2588
59931,0.12598694459878998,0.087471835271016,2588
60018,0.10452068154428837,0.42998918953001497,2588
60159,0.8783991751352678,0.33120988312428634,2588
60394,-0.15385495744550984,-0.28523937222505075,2588
60598,-0.8071553859713991,0.49546544705455475,2588
60862,-0.4530775780487699,-0.3145685245267352,2588
60887,0.309134492208857,0.5731198393265527,2588
61063,0.486247936100669,-0.29847914692352595,2588
61168,0.309134492208857,0.5731198393265527,2588
61373,0.04326344418096991,0.03003750011325334,2588
61481,0.486247936100669,-0.29847914692352595,2588
61487,0.07763976738167358,0.14394023355075103,2588
61567,0.7953824283095261,0.2746406924030268,2588
61599,0.43065405649645194,-0.22143626931740878,2588
61616,0.04326344418096991,0.03003750011325334,2588
61656,0.12598694459878998,0.087471835271016,2588
61728,0.43065405649645194,-0.22143626931740878,2588
61805,0.33586183482747745,0.5913323590876424,2588
62040,1.2695931753948695,0.08237677876236826,2588
62126,0.486247936100669,-0.29847914692352595,2588
62206,-0.8483391319270601,-1.5727781895524562,2588
62263,0.02672734261862046,0.01821251976108955,2588
62322,-1.079833911946887,-2.0019578976526495,2588
62348,0.43065405649645194,-0.22143626931740878,2588
62357,0.435121436807647,0.6605916745975688,2588
62368,0.43065405649645194,-0.22143626931740878,2588
62408,0.309134492208857,0.5731198393265527,2588
62435,0.309134492208857,0.5731198393265527,2588
62463,0.43065405649645194,-0.22143626931740878,2588
62762,-0.33923223244078216,0.22264223991276452,2588
62812,-0.42759114395510395,0.2198613626930074,2588
62946,0.486247936100669,-0.29847914692352595,2588
63071,0.486247936100669,-0.29847914692352595,2588
63105,0.19861737861035866,-0.4981789874413233,2588
63494,1.4350401762305096,0.19724544907789354,2588
63716,0.486247936100669,-0.29847914692352595,2588
63883,-1.1305062164894162,0.6939515955490749,2588
63908,-0.20490705707249027,-0.14226550536003466,2588
63999,0.14457232301259995,-0.07433705864727005,2588
64015,-0.6168444070998766,-1.1435985837766542,2588
64180,0.453706815221457,0.49878278067928267,2588
64225,0.43065405649645194,-0.22143626931740878,2588
64363,0.12598694459878998,0.087471835271016,2588
64442,0.435121436807647,0.6605916745975688,2588
64483,0.309134492208857,0.5731198393265527,2588
64572,-0.8483391319270601,-1.5727781895524562,2588
64780,0.309134492208857,0.5731198393265527,2588
64817,-0.03946005623685015,-0.027396835044509328,2588
64843,0.12598694459878998,0.087471835271016,2588
65117,-1.7772078004326048,1.0909238452153298,2588
65141,-1.3278700253157978,0.9799095319918256,2588
65256,0.435121436807647,0.6605916745975688,2588
65295,0.8228052955310506,0.4082527607304035,2588
65317,0.07763976738167358,0.14394023355075103,2588
65469,0.14457232301259995,-0.07433705864727005,2588
65529,-0.15385495744550984,-0.28523937222505075,2588
65549,-0.4530775780487699,-0.3145685245267352,2588
65729,-0.16045372493536508,0.0984931500655144,2588
66172,0.14457232301259995,-0.07433705864727005,2588
66328,0.309134492208857,0.5731198393265527,2588
66362,0.12598694459878998,0.087471835271016,2588
66367,0.486247936100669,-0.29847914692352595,2588
66411,0.16289710558265197,-0.09999299842900577,2588
66416,-1.4462901375492252,0.7596521798401228,2588
66825,0.06999078679959037,0.04825001987434289,2588
66898,-0.28763055749031036,-0.19969984051779732,2588
67185,0.24053687296432555,0.043947235121745254,2588
67340,0.309134492208857,0.5731198393265527,2588
67346,0.08301674682574171,0.05656919072125954,2588
67493,-0.8071553859713991,0.49546544705455475,2588
67751,0.916901992597121,-0.5199154162409347,2588
67832,0.02672734261862046,0.01821251976108955,2588
67979,0.14457232301259995,-0.07433705864727005,2588
68060,0.486247936100669,-0.29847914692352595,2588
68114,-0.8071553859713991,0.49546544705455475,2588
68617,0.309134492208857,0.5731198393265527,2588
68641,0.43065405649645194,-0.22143626931740878,2588
68710,0.12598694459878998,0.087471835271016,2588
68830,-1.1305062164894162,0.6939515955490749,2588
68874,-0.16045372493536508,0.0984931500655144,2588
69060,-0.6168444070998766,-1.1435985837766542,2588
69310,0.309134492208857,0.5731198393265527,2588
69406,0.486247936100669,-0.29847914692352595,2588
69473,-0.888342940683481,1.2370597112497335,2588
69662,0.5692646829264107,-0.2419099562022664,2588
69666,-1.5428233616012537,-2.860317109204253,2588
69731,-0.6360331100572824,0.5109008069138972,2588
69808,-0.7136728774389559,0.36696057336314614,2588
70087,0.14457232301259995,-0.07433705864727005,2588
70201,-0.42759114395510395,0.2198613626930074,2588
70350,0.14457232301259995,-0.07433705864727005,2588
70364,0.43065405649645194,-0.22143626931740878,2588
70379,0.309134492208857,0.5731198393265527,2588
70443,-0.48380455545338213,0.2969792985600346,2588
70562,0.486247936100669,-0.29847914692352595,2588
70721,0.04326344418096991,0.03003750011325334,2588
70763,-0.42759114395510395,0.2198613626930074,2588
70889,-0.42759114395510395,0.2198613626930074,2588
70957,-0.029562061588500797,-0.02014415119908044,2588
71001,0.02672734261862046,0.01821251976108955,2588
71036,0.486247936100669,-0.29847914692352595,2588
71055,0.43065405649645194,-0.22143626931740878,2588
71189,0.12598694459878998,0.087471835271016,2588
71239,0.04326344418096991,0.03003750011325334,2588
71409,-0.141509410471252,0.07276215202286868,2588
71458,0.486247936100669,-0.29847914692352595,2588
71467,-0.42759114395510395,0.2198613626930074,2588
71498,0.43065405649645194,-0.22143626931740878,2588
71975,-0.12712761482688936,-0.2670268524639612,2588
72421,0.486247936100669,-0.29847914692352595,2588
72453,0.12598694459878998,0.087471835271016,2588
72508,-0.38534968227269323,-0.7144189780008525,2588
72515,0.43065405649645194,-0.22143626931740878,2588
72802,-0.48380455545338213,0.2969792985600346,2588
72872,0.14457232301259995,-0.07433705864727005,2588
72924,0.43065405649645194,-0.22143626931740878,2588
72983,0.43065405649645194,-0.22143626931740878,2588
73260,0.486247936100669,-0.29847914692352595,2588
73361,0.43065405649645194,-0.22143626931740878,2588
73383,0.12598694459878998,0.087471835271016,2588
73496,0.486247936100669,-0.29847914692352595,2588
73672,0.12598694459878998,0.087471835271016,2588
73813,-0.7136728774389559,0.36696057336314614,2588
73848,-0.37035407763094985,-0.2571341893689726,2588
73948,0.02672734261862046,0.01821251976108955,2588
74054,0.02672734261862046,0.01821251976108955,2588
74142,1.226036484805978,0.05320442308561801,2588
74208,0.612234880699459,-0.21100731165250994,2588
74241,0.04326344418096991,0.03003750011325334,2588
74270,0.5181381836333887,0.7171608653188283,2588
74432,-1.1305062164894162,0.6939515955490749,2588
74434,0.309134492208857,0.5731198393265527,2588
74492,0.43065405649645194,-0.22143626931740878,2588
74579,0.486247936100669,-0.29847914692352595,2588
74758,-0.42759114395510395,0.2198613626930074,2588
74840,-1.079833911946887,-2.0019578976526495,2588
74849,-1.2858364126138602,0.6611590297746084,2588
75001,-0.48380455545338213,0.2969792985600346,2588
75347,-1.4538569699145878,0.8924376967208096,2588
75410,0.486247936100669,-0.29847914692352595,2588
75480,-0.4539473015172247,-1.24359158220566,2588
75559,0.43065405649645194,-0.22143626931740878,2588
75641,0.486247936100669,-0.29847914692352595,2588
75661,0.43065405649645194,-0.22143626931740878,2588
75779,0.309134492208857,0.5731198393265527,2588
75810,0.23222378228658733,-0.3566504333969992,2588
75839,0.02672734261862046,0.01821251976108955,2588
76024,0.309134492208857,0.5731198393265527,2588
76027,0.04326344418096991,0.03003750011325334,2588
76084,0.12598694459878998,0.087471835271016,2588
76112,0.14457232301259995,-0.07433705864727005,2588
76182,-0.08585146579562206,-0.058500822159250426,2588
76292,0.8228052955310506,0.4082527607304035,2588
76319,-0.42759114395510395,0.2198613626930074,2588
76387,0.08301674682574171,0.05656919072125954,2588
76437,-1.4538569699145878,0.8924376967208096,2588
76630,0.14457232301259995,-0.07433705864727005,2588
76650,-0.7136728774389559,0.36696057336314614,2588
76843,-0.9997546109228079,0.5140597840332849,2588
77006,-1.3113286367740702,-2.4311375034284515,2588
77115,0.435121436807647,0.6605916745975688,2588
77191,0.02672734261862046,0.01821251976108955,2588
77385,0.12598694459878998,0.087471835271016,2588
77583,0.07763976738167358,0.14394023355075103,2588
77629,0.14457232301259995,-0.07433705864727005,2588
77884,-0.42759114395510395,0.2198613626930074,2588
78071,0.309134492208857,0.5731198393265527,2588
78106,0.14457232301259995,-0.07433705864727005,2588
78153,0.12598694459878998,0.087471835271016,2588
78403,-0.8483391319270601,-1.5727781895524562,2588
78483,-0.141509410471252,0.07276215202286868,2588
78497,0.486247936100669,-0.29847914692352595,2588
78572,0.16289710558265197,-0.09999299842900577,2588
78723,0.16289710558265197,-0.09999299842900577,2588
78846,0.14457232301259995,-0.07433705864727005,2588
79028,0.14457232301259995,-0.07433705864727005,2588
79159,0.16289710558265197,-0.09999299842900577,2588
79367,-0.48380455545338213,0.2969792985600346,2588
79916,0.939954751322126,0.20030363375575672,2588
80034,0.07763976738167358,0.14394023355075103,2588
80293,0.43065405649645194,-0.22143626931740878,2588
80359,0.486247936100669,-0.29847914692352595,2588
80391,-0.588044868890469,0.31835451275852183,2588
80589,0.02672734261862046,0.01821251976108955,2588
80630,0.02672734261862046,0.01821251976108955,2588
80987,0.43065405649645194,-0.22143626931740878,2588
81024,0.486247936100669,-0.29847914692352595,2588
81073,-0.28763055749031036,-0.19969984051779732,2588
81182,0.486247936100669,-0.29847914692352595,2588
81208,-0.8483391319270601,-1.5727781895524562,2588
81212,0.916901992597121,-0.5199154162409347,2588
81282,-0.8483391319270601,-1.5727781895524562,2588
81285,0.07763976738167358,0.14394023355075103,2588
81396,0.16289710558265197,-0.09999299842900577,2588
81644,-0.16045372493536508,0.0984931500655144,2588
81663,0.309134492208857,0.5731198393265527,2588
81695,-0.5917972362657895,-0.41122467508117105,2588
81783,0.43065405649645194,-0.22143626931740878,2588
81860,0.43065405649645194,-0.22143626931740878,2588
82084,0.309134492208857,0.5731198393265527,2588
82379,0.14457232301259995,-0.07433705864727005,2588
82560,-1.1305062164894162,0.6939515955490749,2588
82604,0.43065405649645194,-0.22143626931740878,2588
82690,0.309134492208857,0.5731198393265527,2588
82712,-0.20490705707249027,-0.14226550536003466,2588
82992,0.08301674682574171,0.05656919072125954,2588
83090,-0.08585146579562206,-0.058500822159250426,2588
83151,0.43065405649645194,-0.22143626931740878,2588
83202,0.453706815221457,0.49878278067928267,2588
83275,0.14457232301259995,-0.07433705864727005,2588
83323,-0.11845665174624695,0.7929812020195601,2588
83331,0.02672734261862046,0.01821251976108955,2588
83529,0.309134492208857,0.5731198393265527,2588
83710,0.309134492208857,0.5731198393265527,2588
83720,-1.55809736044452,0.9138129582420823,2588
83904,-1.3113286367740702,-2.4311375034284515,2588
83949,0.43065405649645194,-0.22143626931740878,2588
84043,0.309134492208857,0.5731198393265527,2588
84061,0.309134492208857,0.5731198393265527,2588
84152,-1.1305062164894162,0.6939515955490749,2588
84160,0.04326344418096991,0.03003750011325334,2588
84752,0.43065405649645194,-0.22143626931740878,2588
84929,0.07763976738167358,0.14394023355075103,2588
84939,0.04326344418096991,0.03003750011325334,2588
84948,-0.15385495744550984,-0.28523937222505075,2588
84973,0.16289710558265197,-0.09999299842900577,2588
85052,-1.4538569699145878,0.8924376967208096,2588
85409,0.43065405649645194,-0.22143626931740878,2588
85515,-0.7136728774389559,0.36696057336314614,2588
85548,-1.1305062164894162,0.6939515955490749,2588
85609,0.309134492208857,0.5731198393265527,2588
85772,0.43065405649645194,-0.22143626931740878,2588
85892,0.309134492208857,0.5731198393265527,2588
85908,-0.42759114395510395,0.2198613626930074,2588
85949,0.22221209039427353,0.06960317490348097,2588
86129,-0.9113956994084861,0.516840661253042,2588
86175,-0.16045372493536508,0.0984931500655144,2588
86301,-0.7136728774389559,0.36696057336314614,2588
86461,0.12598694459878998,0.087471835271016,2588
86684,0.14457232301259995,-0.07433705864727005,2588
86719,0.43065405649645194,-0.22143626931740878,2588
86899,0.916901992597121,-0.5199154162409347,2588
86921,0.486247936100669,-0.29847914692352595,2588
87079,0.14457232301259995,-0.07433705864727005,2588
87110,0.16289710558265197,-0.09999299842900577,2588
87271,0.309134492208857,0.5731198393265527,2588
87321,-0.141509410471252,0.07276215202286868,2588
87755,0.486247936100669,-0.29847914692352595,2588
87779,-1.7743180864284371,-3.289496714980055,2588
87838,-1.3113286367740702,-2.4311375034284515,2588
88165,-0.6168444070998766,-1.1435985837766542,2588
88259,0.309134492208857,0.5731198393265527,2588
88527,0.02672734261862046,0.01821251976108955,2588
88546,0.309134492208857,0.5731198393265527,2588
88568,0.14457232301259995,-0.07433705864727005,2588
88646,0.309134492208857,0.5731198393265527,2588
88773,0.22758906983834168,-0.017767867926010525,2588
88777,0.04326344418096991,0.03003750011325334,2588
88817,0.486247936100669,-0.29847914692352595,2588
88870,0.16289710558265197,-0.09999299842900577,2588
88889,-1.3113286367740702,-2.4311375034284515,2588
89394,-0.38534968227269323,-0.7144189780008525,2588
89627,0.486247936100669,-0.29847914692352595,2588
89877,0.43065405649645194,-0.22143626931740878,2588
90018,0.43065405649645194,-0.22143626931740878,2588
90022,0.02672734261862046,0.01821251976108955,2588
90109,0.486247936100669,-0.29847914692352595,2588
90142,-1.8579998795815642,0.9553574511148858,2588
90216,-0.141509410471252,0.07276215202286868,2588
90234,-1.079833911946887,-2.0019578976526495,2588
90361,0.486247936100669,-0.29847914692352595,2588
90516,0.435121436807647,0.6605916745975688,2588
90550,-0.141509410471252,0.07276215202286868,2588
90638,0.486247936100669,-0.29847914692352595,2588
90909,0.16289710558265197,-0.09999299842900577,2588
90928,0.16289710558265197,-0.09999299842900577,2588
91152,-0.3620911958263911,-1.8712573364759821,2588
91391,-0.141509410471252,0.07276215202286868,2588
91631,0.14457232301259995,-0.07433705864727005,2588
91904,0.02672734261862046,0.01821251976108955,2588
92011,-0.42759114395510395,0.2198613626930074,2588
92017,0.14457232301259995,-0.07433705864727005,2588
92060,0.486247936100669,-0.29847914692352595,2588
92136,-0.42759114395510395,0.2198613626930074,2588
92358,-1.5208282634103552,0.8624260204177009,2588
92637,0.16289710558265197,-0.09999299842900577,2588
92682,0.3921512390345987,0.6296890300478123,2588
92751,0.486247936100669,-0.29847914692352595,2588
92928,0.5136708033221936,-0.16486707859614924,2588
92956,0.2795724306203562,0.5529756881274723,2588
93208,0.739788548705309,0.35168357000914396,2588
93227,0.02672734261862046,0.01821251976108955,2588
93350,0.486247936100669,-0.29847914692352595,2588
93387,0.43065405649645194,-0.22143626931740878,2588
93528,0.43065405649645194,-0.22143626931740878,2588
93568,-0.48380455545338213,0.2969792985600346,2588
93677,0.16289710558265197,-0.09999299842900577,2588
93699,0.14457232301259995,-0.07433705864727005,2588
93710,0.309134492208857,0.5731198393265527,2588
93729,-0.9997546109228079,0.5140597840332849,2588
93918,0.02672734261862046,0.01821251976108955,2588
94047,0.309134492208857,0.5731198393265527,2588
94152,0.309134492208857,0.5731198393265527,2588
94377,0.43065405649645194,-0.22143626931740878,2588
94541,0.309134492208857,0.5731198393265527,2588
94826,0.309134492208857,0.5731198393265527,2588
94985,0.07763976738167358,0.14394023355075103,2588
95216,0.43065405649645194,-0.22143626931740878,2588
95231,0.309134492208857,0.5731198393265527,2588
95308,0.02672734261862046,0.01821251976108955,2588
95433,0.486247936100669,-0.29847914692352595,2588
95496,0.916901992597121,-0.5199154162409347,2588
95648,-0.1421408700027433,-0.09685749311942042,2588
95657,0.14457232301259995,-0.07433705864727005,2588
95869,0.486247936100669,-0.29847914692352595,2588
95880,0.43065405649645194,-0.22143626931740878,2588
95941,-0.37035407763094985,-0.2571341893689726,2588
96057,-0.8071553859713991,0.49546544705455475,2588
96157,-1.7743180864284371,-3.289496714980055,2588
96541,0.486247936100669,-0.29847914692352595,2588
96647,0.04326344418096991,0.03003750011325334,2588
96684,-0.15385495744550984,-0.28523937222505075,2588
96698,0.02672734261862046,0.01821251976108955,2588
97249,0.14457232301259995,-0.07433705864727005,2588
97315,-0.8071553859713991,0.49546544705455475,2588
97373,-1.3113286367740702,-2.4311375034284515,2588
97410,0.43065405649645194,-0.22143626931740878,2588
97438,0.14457232301259995,-0.07433705864727005,2588
97479,0.486247936100669,-0.29847914692352595,2588
97568,0.309134492208857,0.5731198393265527,2588
97735,-0.141509410471252,0.07276215202286868,2588
97750,-1.7772078004326048,1.0909238452153298,2588
97770,-0.141509410471252,0.07276215202286868,2588
97834,0.486247936100669,-0.29847914692352595,2588
98091,0.02672734261862046,0.01821251976108955,2588
98206,0.916901992597121,-0.5199154162409347,2588
98213,-0.15385495744550984,-0.28523937222505075,2588
98586,0.43065405649645194,-0.22143626931740878,2588
98674,0.43065405649645194,-0.22143626931740878,2588
98687,0.14457232301259995,-0.07433705864727005,2588
98781,0.43065405649645194,-0.22143626931740878,2588
98983,-0.1984302742098646,-0.13521416407959042,2588
99205,0.486247936100669,-0.29847914692352595,2588
99474,-0.33923223244078216,0.22264223991276452,2588
99518,0.3921512390345987,0.6296890300478123,2588
99585,0.486247936100669,-0.29847914692352595,2588
99783,-1.5428233616012537,-2.860317109204253,2588
99919,0.02672734261862046,0.01821251976108955,2588
99926,0.486247936100669,-0.29847914692352595,2588
100134,0.309134492208857,0.5731198393265527,2588
100144,0.486247936100669,-0.29847914692352595,2588
100148,-1.1305062164894162,0.6939515955490749,2588
100245,0.04326344418096991,0.03003750011325334,2588
100254,0.14457232301259995,-0.07433705864727005,2588
100556,0.04326344418096991,0.03003750011325334,2588
100595,-2.4536115808373955,1.4064974807540944,2588
100596,0.16289710558265197,-0.09999299842900577,2588
100638,-0.48380455545338213,0.2969792985600346,2588
100712,-0.28763055749031036,-0.19969984051779732,2588
100791,0.12598694459878998,0.087471835271016,2588
100805,0.02672734261862046,0.01821251976108955,2588
100848,0.12598694459878998,0.087471835271016,2588
101055,-1.4538569699145878,0.8924376967208096,2588
101146,-0.38534968227269323,-0.7144189780008525,2588
101275,0.04326344418096991,0.03003750011325334,2588
101410,0.309134492208857,0.5731198393265527,2588
101441,-1.4538569699145878,0.8924376967208096,2588
101516,0.486247936100669,-0.29847914692352595,2588
101566,-0.264694038372452,0.11986836426400163,2588
101765,0.14457232301259995,-0.07433705864727005,2588
101861,0.04326344418096991,0.03003750011325334,2588
102099,0.12598694459878998,0.087471835271016,2588
102497,0.16289710558265197,-0.09999299842900577,2588
102565,-0.42759114395510395,0.2198613626930074,2588
102570,0.916901992597121,-0.5199154162409347,2588
102815,0.16762508173760501,0.6458819913494214,2588
102842,0.309134492208857,0.5731198393265527,2588
103097,0.486247936100669,-0.29847914692352595,2588
103113,0.43065405649645194,-0.22143626931740878,2588
103217,-0.16045372493536508,0.0984931500655144,2588
103348,0.5638877034823426,-0.15453891337277492,2588
103470,-1.4538569699145878,0.8924376967208096,2588
103480,-0.08585146579562206,-0.058500822159250426,2588
103515,0.486247936100669,-0.29847914692352595,2588
103741,0.14457232301259995,-0.07433705864727005,2588
103749,0.309134492208857,0.5731198393265527,2588
103782,1.042888937195911,-0.43244358096991875,2588
103973,-0.6110718451441988,0.2986540267507509,2588
104043,0.593551162079104,-0.32142926774641456,2588
104215,0.07763976738167358,0.14394023355075103,2588
104397,0.309134492208857,0.5731198393265527,2588
104427,-0.1984302742098646,-0.13521416407959042,2588
104478,0.309134492208857,0.5731198393265527,2588
104531,0.3921512390345987,0.6296890300478123,2588
104679,0.16289710558265197,-0.09999299842900577,2588
104689,-1.2858364126138602,0.6611590297746084,2588
104811,0.486247936100669,-0.29847914692352595,2588
104833,-0.61852457888441,-0.42943719484226056,2588
104927,0.453706815221457,0.49878278067928267,2588
105095,0.486247936100669,-0.29847914692352595,2588
105400,0.43065405649645194,-0.22143626931740878,2588
105434,0.486247936100669,-0.29847914692352595,2588
105658,-1.1305062164894162,0.6939515955490749,2588
105946,0.12598694459878998,0.087471835271016,2588
106155,-0.1421408700027433,-0.09685749311942042,2588
106193,0.43065405649645194,-0.22143626931740878,2588
106259,-0.8483391319270601,-1.5727781895524562,2588
106348,0.739788548705309,0.35168357000914396,2588
106546,-0.16045372493536508,0.0984931500655144,2588
106614,0.739788548705309,0.35168357000914396,2588
106622,0.309134492208857,0.5731198393265527,2588
106810,0.916901992597121,-0.5199154162409347,2588
106911,0.02672734261862046,0.01821251976108955,2588
106989,-1.8441790939283722,1.0609121689122212,2588
107036,0.14457232301259995,-0.07433705864727005,2588
107278,0.16289710558265197,-0.09999299842900577,2588
107322,-0.141509410471252,0.07276215202286868,2588
107356,-0.7136728774389559,0.36696057336314614,2588
107395,-0.141509410471252,0.07276215202286868,2588
107819,-0.7136728774389559,0.36696057336314614,2588
107859,0.486247936100669,-0.29847914692352595,2588
107867,0.12598694459878998,0.087471835271016,2588
107918,-0.141509410471252,0.07276215202286868,2588
108248,0.14457232301259995,-0.07433705864727005,2588
108264,-0.8071553859713991,0.49546544705455475,2588
108347,-0.08585146579562206,-0.058500822159250426,2588
108403,-0.141509410471252,0.07276215202286868,2588
108431,-0.08585146579562206,-0.058500822159250426,2588
108462,-0.48380455545338213,0.2969792985600346,2588
108473,0.02672734261862046,0.01821251976108955,2588
108493,0.486247936100669,-0.29847914692352595,2588
108582,0.43065405649645194,-0.22143626931740878,2588
108650,-0.37035407763094985,-0.2571341893689726,2588
108943,-0.48380455545338213,0.2969792985600346,2588
108966,0.16289710558265197,-0.09999299842900577,2588
109320,-0.1984302742098646,-0.13521416407959042,2588
109385,-0.28763055749031036,-0.19969984051779732,2588
109513,-1.3305172845388327,-0.7766380104135081,2588
109530,0.486247936100669,-0.29847914692352595,2588
109737,0.43065405649645194,-0.22143626931740878,2588
109877,-0.4235878910383496,-0.28864084792027034,2588
110032,-0.141509410471252,0.07276215202286868,2588
110148,0.14457232301259995,-0.07433705864727005,2588
110190,-0.141509410471252,0.07276215202286868,2588
110255,0.486247936100669,-0.29847914692352595,2588
110515,0.43065405649645194,-0.22143626931740878,2588
110525,0.309134492208857,0.5731198393265527,2588
110605,-0.7136728774389559,0.36696057336314614,2588
110706,1.0043861197340578,0.4186817183953023,2588
110754,0.14457232301259995,-0.07433705864727005,2588
110826,0.08301674682574171,0.05656919072125954,2588
110838,0.43065405649645194,-0.22143626931740878,2588
110881,-0.42759114395510395,0.2198613626930074,2588
111057,-0.8071553859713991,0.49546544705455475,2588
111176,0.08301674682574171,0.05656919072125954,2588
111878,0.43065405649645194,-0.22143626931740878,2588
112081,-1.7772078004326048,1.0909238452153298,2588
112112,0.486247936100669,-0.29847914692352595,2588
112174,0.309134492208857,0.5731198393265527,2588
112224,0.486247936100669,-0.29847914692352595,2588
112348,-1.1305062164894162,0.6939515955490749,2588
112375,-0.8071553859713991,0.49546544705455475,2588
112761,0.05865679214556508,-0.07861778423051854,2588
112774,0.06999078679959037,0.04825001987434289,2588
112935,0.43065405649645194,-0.22143626931740878,2588
113075,-0.8071553859713991,0.49546544705455475,2588
113081,0.486247936100669,-0.29847914692352595,2588
113164,0.14457232301259995,-0.07433705864727005,2588
113209,0.16289710558265197,-0.09999299842900577,2588
113339,0.486247936100669,-0.29847914692352595,2588
113476,0.12598694459878998,0.087471835271016,2588
113487,-0.15385495744550984,-0.28523937222505075,2588
113508,0.43065405649645194,-0.22143626931740878,2588
113543,-0.16045372493536508,0.0984931500655144,2588
113668,0.4674081978139261,0.5086761295934557,2588
113734,0.43065405649645194,-0.22143626931740878,2588
113754,0.309134492208857,0.5731198393265527,2588
113806,-0.9997546109228079,0.5140597840332849,2588
113984,0.07763976738167358,0.14394023355075103,2588
113991,0.12598694459878998,0.087471835271016,2588
114141,0.486247936100669,-0.29847914692352595,2588
114346,0.309134492208857,0.5731198393265527,2588
114412,0.486247936100669,-0.29847914692352595,2588
114440,-0.141509410471252,0.07276215202286868,2588
114504,0.309134492208857,0.5731198393265527,2588
114566,-0.48380455545338213,0.2969792985600346,2588
114579,0.486247936100669,-0.29847914692352595,2588
114591,-0.141509410471252,0.07276215202286868,2588
114594,0.309134492208857,0.5731198393265527,2588
114601,0.916901992597121,-0.5199154162409347,2588
114722,0.43065405649645194,-0.22143626931740878,2588
114898,0.43065405649645194,-0.22143626931740878,2588
114947,0.486247936100669,-0.29847914692352595,2588
114950,0.43065405649645194,-0.22143626931740878,2588
115013,0.14457232301259995,-0.07433705864727005,2588
115044,0.486247936100669,-0.29847914692352595,2588
115416,0.486247936100669,-0.29847914692352595,2588
115468,0.02672734261862046,0.01821251976108955,2588
115496,0.486247936100669,-0.29847914692352595,2588
115499,0.309134492208857,0.5731198393265527,2588
115982,-0.12218355665467022,-0.084831170202272,2588
116082,0.16289710558265197,-0.09999299842900577,2588
116263,0.486247936100669,-0.29847914692352595,2588
116302,0.486247936100669,-0.29847914692352595,2588
116317,0.916901992597121,-0.5199154162409347,2588
116483,0.739788548705309,0.35168357000914396,2588
116501,0.43065405649645194,-0.22143626931740878,2588
116503,0.10436711000029404,0.16215275331184056,2588
116656,-1.2858364126138602,0.6611590297746084,2588
116775,0.486247936100669,-0.29847914692352595,2588
116839,0.309134492208857,0.5731198393265527,2588
116960,-0.16045372493536508,0.0984931500655144,2588
116996,0.309134492208857,0.5731198393265527,2588
117129,-0.4530775780487699,-0.3145685245267352,2588
117144,-0.12218355665467022,-0.084831170202272,2588
117289,0.16289710558265197,-0.09999299842900577,2588
117310,-1.7772078004326048,1.0909238452153298,2588
117355,0.14457232301259995,-0.07433705864727005,2588
117407,0.07763976738167358,0.14394023355075103,2588
117527,-0.38534968227269323,-0.7144189780008525,2588
117537,-0.42759114395510395,0.2198613626930074,2588
117708,0.43065405649645194,-0.22143626931740878,2588
117869,0.16289710558265197,-0.09999299842900577,2588
117915,0.02672734261862046,0.01821251976108955,2588
117948,-0.28763055749031036,-0.19969984051779732,2588
118161,0.12598694459878998,0.087471835271016,2588
118203,0.43065405649645194,-0.22143626931740878,2588
118327,0.309134492208857,0.5731198393265527,2588
118515,0.309134492208857,0.5731198393265527,2588
118573,0.02672734261862046,0.01821251976108955,2588
118598,0.43065405649645194,-0.22143626931740878,2588
118848,0.486247936100669,-0.29847914692352595,2588
118904,0.20900369142453168,0.14404102599227553,2588
118918,0.309134492208857,0.5731198393265527,2588
118955,0.739788548705309,0.35168357000914396,2588
119121,-0.9997546109228079,0.5140597840332849,2588
119271,-0.11029826685661827,-0.25606701654830055,2588
119282,0.04326344418096991,0.03003750011325334,2588
119324,0.43065405649645194,-0.22143626931740878,2588
119411,0.07763976738167358,0.14394023355075103,2588
119535,0.14457232301259995,-0.07433705864727005,2588
119575,0.02672734261862046,0.01821251976108955,2588
119672,0.08301674682574171,0.05656919072125954,2588
119735,-0.8071553859713991,0.49546544705455475,2588
120099,-0.8071553859713991,0.49546544705455475,2588
120252,-1.1305062164894162,0.6939515955490749,2588
120276,0.43065405649645194,-0.22143626931740878,2588
120388,-1.079833911946887,-2.0019578976526495,2588
120493,-0.48380455545338213,0.2969792985600346,2588
120622,0.486247936100669,-0.29847914692352595,2588
120670,-0.141509410471252,0.07276215202286868,2588
120796,0.486247936100669,-0.29847914692352595,2588
120918,0.14457232301259995,-0.07433705864727005,2588
120948,0.43065405649645194,-0.22143626931740878,2588
121064,-0.141509410471252,0.07276215202286868,2588
121107,-0.42759114395510395,0.2198613626930074,2588
121386,0.486247936100669,-0.29847914692352595,2588
121661,0.486247936100669,-0.29847914692352595,2588
121667,-0.141509410471252,0.07276215202286868,2588
121733,0.02672734261862046,0.01821251976108955,2588
121802,0.739788548705309,0.35168357000914396,2588
121930,0.43065405649645194,-0.22143626931740878,2588
121980,0.43065405649645194,-0.22143626931740878,2588
122208,0.16289710558265197,-0.09999299842900577,2588
122310,0.486247936100669,-0.29847914692352595,2588
122430,0.07763976738167358,0.14394023355075103,2588
122514,0.916901992597121,-0.5199154162409347,2588
122523,0.16289710558265197,-0.09999299842900577,2588
122641,0.309134492208857,0.5731198393265527,2588
122674,-2.423909461468639,1.4878961422043702,2588
122741,0.43065405649645194,-0.22143626931740878,2588
122871,0.14457232301259995,-0.07433705864727005,2588
122951,0.486247936100669,-0.29847914692352595,2588
122980,-2.594694151308435,-3.8543494164668908,2588
123041,0.14457232301259995,-0.07433705864727005,2588
123334,-0.7136728774389559,0.36696057336314614,2588
123352,0.7953824283095261,0.2746406924030268,2588
123482,0.43065405649645194,-0.22143626931740878,2588
124324,0.486247936100669,-0.29847914692352595,2588
124355,0.309134492208857,0.5731198393265527,2588
124375,-0.6168444070998766,-1.1435985837766542,2588
124597,-1.7743180864284371,-3.289496714980055,2588
124614,-0.8483391319270601,-1.5727781895524562,2588
124694,0.16289710558265197,-0.09999299842900577,2588
124807,-0.42759114395510395,0.2198613626930074,2588
124823,0.12598694459878998,0.087471835271016,2588
124849,-0.16045372493536508,0.0984931500655144,2588
124878,0.486247936100669,-0.29847914692352595,2588
124968,0.12598694459878998,0.087471835271016,2588
125084,0.43065405649645194,-0.22143626931740878,2588
125118,0.14457232301259995,-0.07433705864727005,2588
125136,0.309134492208857,0.5731198393265527,2588
125145,0.309134492208857,0.5731198393265527,2588
125147,0.486247936100669,-0.29847914692352595,2588
125171,-0.141509410471252,0.07276215202286868,2588
125351,-0.8483391319270601,-1.5727781895524562,2588
125726,1.226036484805978,0.05320442308561801,2588
125846,0.43065405649645194,-0.22143626931740878,2588
125930,0.309134492208857,0.5731198393265527,2588
126072,0.18962444820127244,-0.08178047866791623,2588
126294,0.12598694459878998,0.087471835271016,2588
126304,0.14457232301259995,-0.07433705864727005,2588
126575,-0.7136728774389559,0.36696057336314614,2588
126611,0.486247936100669,-0.29847914692352595,2588
126811,0.486247936100669,-0.29847914692352595,2588
126921,0.30746942859525195,-0.17433005707627583,2588
126929,0.16762508173760501,0.6458819913494214,2588
127063,0.14457232301259995,-0.07433705864727005,2588
127240,0.43065405649645194,-0.22143626931740878,2588
127339,-1.1305062164894162,0.6939515955490749,2588
127501,-0.16045372493536508,0.0984931500655144,2588
127877,0.309134492208857,0.5731198393265527,2588
128003,0.12598694459878998,0.087471835271016,2588
128104,0.14457232301259995,-0.07433705864727005,2588
128126,0.309134492208857,0.5731198393265527,2588
128203,0.02672734261862046,0.01821251976108955,2588
128233,0.486247936100669,-0.29847914692352595,2588
128840,-1.1305062164894162,0.6939515955490749,2588
128869,0.486247936100669,-0.29847914692352595,2588
128932,-0.8483391319270601,-1.5727781895524562,2588
128943,-1.8579998795815642,0.9553574511148858,2588
128962,0.02672734261862046,0.01821251976108955,2588
129045,0.309134492208857,0.5731198393265527,2588
129455,0.12598694459878998,0.087471835271016,2588
129749,-0.42759114395510395,0.2198613626930074,2588
130110,0.43065405649645194,-0.22143626931740878,2588
130149,-0.24077735926009328,-0.7887560366481225,2588
130163,-0.08585146579562206,-0.058500822159250426,2588
130262,0.486247936100669,-0.29847914692352595,2588
130537,0.12598694459878998,0.087471835271016,2588
130615,0.309134492208857,0.5731198393265527,2588
130685,-0.48380455545338213,0.2969792985600346,2588
130715,0.309134492208857,0.5731198393265527,2588
130838,0.309134492208857,0.5731198393265527,2588
131075,-0.8071553859713991,0.49546544705455475,2588
131257,0.07763976738167358,0.14394023355075103,2588
131528,-0.141509410471252,0.07276215202286868,2588
131574,0.43065405649645194,-0.22143626931740878,2588
131670,0.486247936100669,-0.29847914692352595,2588
131698,0.12598694459878998,0.087471835271016,2588
131826,0.02672734261862046,0.01821251976108955,2588
131894,-7.384421630885251,-1.4172219537531912,2588
131961,0.435121436807647,0.6605916745975688,2588
132020,-0.9997546109228079,0.5140597840332849,2588
132073,-0.16045372493536508,0.0984931500655144,2588
132158,0.02672734261862046,0.01821251976108955,2588
132185,0.08301674682574171,0.05656919072125954,2588
132210,0.8657754933040989,0.43915540528016006,2588
132292,0.739788548705309,0.35168357000914396,2588
132511,-0.8483391319270601,-1.5727781895524562,2588
132599,0.12598694459878998,0.087471835271016,2588
132846,-0.5268590927439453,-0.6416568259779839,2588
132882,-0.38534968227269323,-0.7144189780008525,2588
133047,-1.5719181460977123,0.8082582404447471,2588
133056,-0.12218355665467022,-0.084831170202272,2588
133168,-0.16045372493536508,0.0984931500655144,2588
133223,0.08301674682574171,0.05656919072125954,2588
133372,-0.12218355665467022,-0.084831170202272,2588
133410,0.02672734261862046,0.01821251976108955,2588
133904,0.309134492208857,0.5731198393265527,2588
134112,0.309134492208857,0.5731198393265527,2588
134299,-1.3113286367740702,-2.4311375034284515,2588
134547,0.309134492208857,0.5731198393265527,2588
134618,0.02672734261862046,0.01821251976108955,2588
134657,0.5181381836333887,0.7171608653188283,2588
134870,0.02672734261862046,0.01821251976108955,2588
135015,-1.4538569699145878,0.8924376967208096,2588
135226,0.07763976738167358,0.14394023355075103,2588
135324,0.486247936100669,-0.29847914692352595,2588
135946,0.12598694459878998,0.087471835271016,2588
136015,0.43065405649645194,-0.22143626931740878,2588
136207,-0.15385495744550984,-0.28523937222505075,2588
136452,-1.7743180864284371,-3.289496714980055,2588
136498,0.486247936100669,-0.29847914692352595,2588
136615,0.309134492208857,0.5731198393265527,2588
136646,-0.8071553859713991,0.49546544705455475,2588
136684,-0.6253139659246342,0.36974145058290325,2588
136877,0.309134492208857,0.5731198393265527,2588
137075,-1.4538569699145878,0.8924376967208096,2588
137186,0.486247936100669,-0.29847914692352595,2588
137250,-0.42759114395510395,0.2198613626930074,2588
137320,0.02672734261862046,0.01821251976108955,2588
137343,0.43065405649645194,-0.22143626931740878,2588
137369,0.02672734261862046,0.01821251976108955,2588
137525,0.43065405649645194,-0.22143626931740878,2588
137885,0.02672734261862046,0.01821251976108955,2588
138164,0.43065405649645194,-0.22143626931740878,2588
138166,-0.141509410471252,0.07276215202286868,2588
138246,0.43065405649645194,-0.22143626931740878,2588
138254,-0.588044868890469,0.31835451275852183,2588
138397,0.12598694459878998,0.087471835271016,2588
